200 21
1 200
1 19 27 46 63 69 80 135 137 180 184
26 87 105 114 122 130 157 160 168 174
23 28 57 84 97 115 141 142 144 145
12 111 131 146 149 163 183 193 194 196
51 52 53 82 107 129 133 185 188 197
13 43 47 55 88 101 102 158 177 186
21 64 75 86 112 118 136 151 166 176
31 50 66 93 104 113 154 165 169 181
9 40 65 72 79 91 121 124 171 172
2 45 77 89 98 99 117 120 134
17 22 34 49 85 95 173 175 179
7 16 30 56 68 83 138 164 198
5 38 58 70 73 116 128 153 155
8 32 36 41 54 71 92 170 195
3 25 29 33 42 125 127 162 190
10 24 60 62 78 152 156 178 191
14 15 61 100 103 139 147 159 187
4 11 48 59 81 108 110 148 182
6 96 106 109 119 150 167 189 199
20 39 67 74 76 90 94 140 143
18 35 37 44 123 126 132 161 192 200
1 26 10
1 57 10
1 87 12
1 105 10
1 114 11
1 122 10
1 130 12
1 157 13
1 160 12
1 168 11
1 174 12
2 17 11
2 22 10
2 34 13
2 49 12
2 85 13
2 95 11
2 173 10
2 175 13
2 179 11
3 10 13
3 24 12
3 60 11
3 62 12
3 78 12
3 152 11
3 156 12
3 178 12
3 191 12
4 6 13
4 96 13
4 106 10
4 109 12
4 119 11
4 150 12
4 167 12
4 189 13
4 199 11
5 8 10
5 32 11
5 36 13
5 41 10
5 54 11
5 71 12
5 92 10
5 170 10
5 195 12
6 20 11
6 39 11
6 67 12
6 74 12
6 76 10
6 90 12
6 94 10
6 140 12
6 143 10
7 5 13
7 38 12
7 58 12
7 70 10
7 73 10
7 116 12
7 128 12
7 153 13
7 155 11
8 3 10
8 25 10
8 29 12
8 33 11
8 42 12
8 125 13
8 127 13
8 162 13
8 190 11
9 2 10
9 45 13
9 77 13
9 89 10
9 98 11
9 99 10
9 117 12
9 120 11
9 134 10
10 14 12
10 15 11
10 61 13
10 100 11
10 103 11
10 139 12
10 147 13
10 159 12
10 187 10
11 6 13
11 96 12
11 106 13
11 109 11
11 119 12
11 150 11
11 167 13
11 189 12
11 199 12
12 51 10
12 52 12
12 53 13
12 82 12
12 107 10
12 129 10
12 133 12
12 185 12
12 188 13
12 197 10
13 21 12
13 64 12
13 75 10
13 86 11
13 112 11
13 118 13
13 136 10
13 151 10
13 166 10
13 176 12
14 4 10
14 11 10
14 48 10
14 59 12
14 81 10
14 108 11
14 110 13
14 148 13
14 182 12
15 4 11
15 11 10
15 48 13
15 59 12
15 81 10
15 108 12
15 110 11
15 148 13
15 182 13
16 5 11
16 38 12
16 58 10
16 70 13
16 73 11
16 116 12
16 128 11
16 153 13
16 155 11
17 7 10
17 16 10
17 30 10
17 56 13
17 68 11
17 83 11
17 138 13
17 164 10
17 198 11
18 132 11
18 192 13
19 27 11
19 46 11
19 80 10
19 135 11
19 184 13
20 200 10
21 31 10
21 50 10
21 66 12
21 93 13
21 104 13
21 113 11
21 154 13
21 165 12
21 169 13
21 181 11
22 7 10
22 16 11
22 30 10
22 56 11
22 68 10
22 83 10
22 138 11
22 164 10
22 198 11
23 12 12
23 111 12
23 131 12
23 146 11
23 149 10
23 163 12
23 183 12
23 193 12
23 194 13
23 196 11
24 14 13
24 15 10
24 61 13
24 100 10
24 103 11
24 139 10
24 147 13
24 159 11
24 187 10
25 10 12
25 24 11
25 60 10
25 62 13
25 78 13
25 152 13
25 156 10
25 178 12
25 191 10
26 23 12
26 28 11
26 57 11
26 84 12
26 97 13
26 115 11
26 141 10
26 142 10
26 144 11
26 145 12
28 12 10
28 111 11
28 131 11
28 146 10
28 149 11
28 163 12
28 183 13
28 193 10
28 194 10
28 196 12
29 10 13
29 24 11
29 60 12
29 62 11
29 78 12
29 152 13
29 156 10
29 178 13
29 191 10
30 5 11
30 38 13
30 58 11
30 70 10
30 73 13
30 116 13
30 128 11
30 153 12
30 155 13
31 9 12
31 40 12
31 65 12
31 72 13
31 79 12
31 91 10
31 121 10
31 124 13
31 171 10
31 172 10
32 3 12
32 25 13
32 29 12
32 33 12
32 42 11
32 125 13
32 127 12
32 162 10
32 190 12
33 10 13
33 24 12
33 60 11
33 62 13
33 78 12
33 152 12
33 156 13
33 178 12
33 191 11
34 7 12
34 16 11
34 30 12
34 56 13
34 68 13
34 83 11
34 138 11
34 164 10
34 198 11
36 3 13
36 25 13
36 29 10
36 33 10
36 42 10
36 125 12
36 127 12
36 162 11
36 190 11
38 8 12
38 32 11
38 36 13
38 41 12
38 54 13
38 71 12
38 92 10
38 170 12
38 195 13
39 37 11
39 200 11
40 2 12
40 45 10
40 77 11
40 89 12
40 98 12
40 99 13
40 117 10
40 120 11
40 134 13
41 3 12
41 25 10
41 29 13
41 33 12
41 42 10
41 125 11
41 127 12
41 162 12
41 190 12
42 10 13
42 24 11
42 60 10
42 62 10
42 78 11
42 110 10
42 152 11
42 156 11
42 178 10
42 191 10
43 21 13
43 64 13
43 75 13
43 86 12
43 112 11
43 118 12
43 136 13
43 151 13
43 166 13
43 176 12
45 17 12
45 22 13
45 34 13
45 49 13
45 85 11
45 95 11
45 173 11
45 175 12
45 179 11
46 19 10
46 69 13
46 137 13
47 21 13
47 64 12
47 75 13
47 86 10
47 112 11
47 118 10
47 136 12
47 151 13
47 166 11
47 176 13
48 6 11
48 96 13
48 106 11
48 109 11
48 119 11
48 150 11
48 167 13
48 189 12
48 199 12
49 7 10
49 16 13
49 30 12
49 56 11
49 68 13
49 83 11
49 138 11
49 164 13
49 198 12
50 9 12
50 40 11
50 65 13
50 72 13
50 79 11
50 91 11
50 121 10
50 124 10
50 171 12
50 172 12
51 13 12
51 43 10
51 47 13
51 55 10
51 88 12
51 101 11
51 102 13
51 158 10
51 177 12
51 186 12
52 13 10
52 43 12
52 47 10
52 55 12
52 88 11
52 101 10
52 102 12
52 158 13
52 177 11
52 186 13
53 13 13
53 43 13
53 47 12
53 55 10
53 88 10
53 101 13
53 102 12
53 158 10
53 177 10
53 186 10
54 3 11
54 25 13
54 29 13
54 33 12
54 42 13
54 125 13
54 127 12
54 162 11
54 190 13
55 21 11
55 64 12
55 75 10
55 86 13
55 112 10
55 118 10
55 136 13
55 151 13
55 166 12
55 176 10
56 5 10
56 38 13
56 58 13
56 70 12
56 73 12
56 116 10
56 128 13
56 153 13
56 155 11
57 12 13
57 111 11
57 131 11
57 146 10
57 149 12
57 163 12
57 183 12
57 188 10
57 193 11
57 194 11
57 196 10
58 8 13
58 32 10
58 36 10
58 41 10
58 54 13
58 71 13
58 92 12
58 170 12
58 195 11
59 6 13
59 96 12
59 106 10
59 109 12
59 119 12
59 150 12
59 167 10
59 189 13
59 199 13
60 14 11
60 15 12
60 61 10
60 100 10
60 103 10
60 139 13
60 147 13
60 159 13
60 187 13
61 4 11
61 11 11
61 48 12
61 59 13
61 81 12
61 108 12
61 110 11
61 148 12
61 182 12
62 14 12
62 15 12
62 61 11
62 100 13
62 103 10
62 139 11
62 147 12
62 159 12
62 187 10
64 31 12
64 50 12
64 66 13
64 93 11
64 104 10
64 113 11
64 154 12
64 165 12
64 169 13
64 181 13
65 2 11
65 45 12
65 77 13
65 89 12
65 98 13
65 99 12
65 117 11
65 120 13
65 134 11
66 9 10
66 40 11
66 65 10
66 72 11
66 79 13
66 91 10
66 121 11
66 124 11
66 171 12
66 172 12
67 200 10
68 5 11
68 38 11
68 58 10
68 70 13
68 73 11
68 116 12
68 128 11
68 153 11
68 155 10
70 8 13
70 32 12
70 36 12
70 41 11
70 54 11
70 71 13
70 92 11
70 170 12
70 195 11
71 3 12
71 25 12
71 29 12
71 33 11
71 42 13
71 125 13
71 127 11
71 162 10
71 190 12
72 2 10
72 45 11
72 77 13
72 89 13
72 98 10
72 99 10
72 117 11
72 120 13
72 134 13
73 8 11
73 32 13
73 36 11
73 41 10
73 54 11
73 71 10
73 92 12
73 170 11
73 195 11
74 35 13
74 200 13
75 31 10
75 50 10
75 66 10
75 93 12
75 104 11
75 113 11
75 154 13
75 165 13
75 169 13
75 181 12
76 200 13
77 17 10
77 22 11
77 34 12
77 49 10
77 85 12
77 95 13
77 173 13
77 175 11
77 179 10
78 14 13
78 15 10
78 61 12
78 100 13
78 103 11
78 139 11
78 147 11
78 159 13
78 187 12
79 2 13
79 45 10
79 77 11
79 89 12
79 98 12
79 99 11
79 117 12
79 120 10
79 134 12
80 180 13
81 6 13
81 96 11
81 106 10
81 109 13
81 119 13
81 150 11
81 167 13
81 189 10
81 199 11
82 13 11
82 43 13
82 47 10
82 55 13
82 88 12
82 101 12
82 102 12
82 158 13
82 177 11
82 186 11
83 5 11
83 38 11
83 58 13
83 70 11
83 73 11
83 116 10
83 128 12
83 153 12
83 155 11
83 170 10
84 12 11
84 111 10
84 131 12
84 146 10
84 149 11
84 163 10
84 183 13
84 193 10
84 194 10
84 196 12
85 7 12
85 16 12
85 30 12
85 56 11
85 68 10
85 83 12
85 138 10
85 164 12
85 198 11
86 31 10
86 50 12
86 66 10
86 93 12
86 104 12
86 113 11
86 154 13
86 165 10
86 169 13
86 181 13
87 23 11
87 28 12
87 57 13
87 84 13
87 97 10
87 115 10
87 141 13
87 142 11
87 144 12
87 145 10
88 21 13
88 64 11
88 75 11
88 86 13
88 112 10
88 118 11
88 136 11
88 151 10
88 166 11
88 176 10
89 17 12
89 22 13
89 34 11
89 49 12
89 85 10
89 95 12
89 173 13
89 175 12
89 179 13
90 200 12
91 2 12
91 45 12
91 77 13
91 89 10
91 98 11
91 99 11
91 117 10
91 120 10
91 134 12
92 3 11
92 25 13
92 29 10
92 33 12
92 42 13
92 125 11
92 127 10
92 162 12
92 190 10
93 9 10
93 40 11
93 65 10
93 72 10
93 79 10
93 91 13
93 121 13
93 124 12
93 171 13
93 172 11
94 161 12
94 200 13
95 7 12
95 16 10
95 30 12
95 56 11
95 68 13
95 83 13
95 138 12
95 164 13
95 198 13
96 20 12
96 39 11
96 67 13
96 74 10
96 76 10
96 90 13
96 94 10
96 140 13
96 143 12
97 12 11
97 111 10
97 131 11
97 146 11
97 149 11
97 163 11
97 183 11
97 193 11
97 194 10
97 196 13
98 17 12
98 22 10
98 34 11
98 49 11
98 83 10
98 85 12
98 95 10
98 173 11
98 175 11
98 179 12
99 17 10
99 22 11
99 34 13
99 49 10
99 85 13
99 95 11
99 173 12
99 175 12
99 179 11
100 4 11
100 11 10
100 48 13
100 59 13
100 81 10
100 108 13
100 110 10
100 148 10
100 182 13
101 21 12
101 64 11
101 75 13
101 86 11
101 112 12
101 118 12
101 136 11
101 151 10
101 166 11
101 176 13
102 21 12
102 64 10
102 75 11
102 86 10
102 112 13
102 118 12
102 136 12
102 151 11
102 166 11
102 176 13
103 4 10
103 11 13
103 48 11
103 59 11
103 81 11
103 108 12
103 110 12
103 148 13
103 182 13
104 9 12
104 40 13
104 65 12
104 72 10
104 79 13
104 91 13
104 121 12
104 124 10
104 171 13
104 172 12
105 23 12
105 28 11
105 57 11
105 84 12
105 97 11
105 115 12
105 141 10
105 142 13
105 144 12
105 145 12
106 20 10
106 39 13
106 67 10
106 74 13
106 76 12
106 90 11
106 94 10
106 140 10
106 143 12
107 13 12
107 43 12
107 47 10
107 55 11
107 88 13
107 101 11
107 102 11
107 158 11
107 177 12
107 186 13
108 6 13
108 96 10
108 106 11
108 109 13
108 119 13
108 150 12
108 167 13
108 189 10
108 199 13
109 20 12
109 39 12
109 67 10
109 74 12
109 76 13
109 90 11
109 94 11
109 140 11
109 143 11
110 6 12
110 96 13
110 106 10
110 109 12
110 119 10
110 150 13
110 167 11
110 189 11
110 199 12
111 51 11
111 52 11
111 53 10
111 82 10
111 107 12
111 129 13
111 133 11
111 185 12
111 188 13
111 197 13
112 31 11
112 50 12
112 66 12
112 93 11
112 104 10
112 113 13
112 154 12
112 165 12
112 169 11
112 181 12
113 9 12
113 40 12
113 65 10
113 72 12
113 79 10
113 91 12
113 121 11
113 124 10
113 171 13
113 172 11
114 23 12
114 28 11
114 57 12
114 84 11
114 97 12
114 115 12
114 141 12
114 142 10
114 144 13
114 145 10
115 12 11
115 111 11
115 131 13
115 146 13
115 149 13
115 163 12
115 183 11
115 193 12
115 194 12
115 196 10
116 8 11
116 32 10
116 36 13
116 41 10
116 54 11
116 71 13
116 92 12
116 170 11
116 195 12
117 17 11
117 22 12
117 34 11
117 49 12
117 85 12
117 95 11
117 173 11
117 175 12
117 179 10
118 31 11
118 50 11
118 66 11
118 93 13
118 104 10
118 113 10
118 154 11
118 165 10
118 169 12
118 181 13
119 20 10
119 39 11
119 67 11
119 74 10
119 76 10
119 90 11
119 94 13
119 140 13
119 143 11
120 17 13
120 22 13
120 34 13
120 49 12
120 85 11
120 95 13
120 173 12
120 175 12
120 179 11
121 2 12
121 45 12
121 77 11
121 89 12
121 98 10
121 99 12
121 117 11
121 120 12
121 134 13
122 23 12
122 28 11
122 57 12
122 84 12
122 97 10
122 115 12
122 141 13
122 142 10
122 144 11
122 145 10
124 2 12
124 45 12
124 77 13
124 89 11
124 98 12
124 99 10
124 117 13
124 120 11
124 134 12
125 10 11
125 24 11
125 60 10
125 62 13
125 78 11
125 152 13
125 156 12
125 178 11
125 191 13
126 123 12
127 10 11
127 24 11
127 60 10
127 62 12
127 78 11
127 152 11
127 156 11
127 178 10
127 191 11
128 8 12
128 32 12
128 36 10
128 41 12
128 54 12
128 71 10
128 92 13
128 170 10
128 195 11
129 13 13
129 43 10
129 47 11
129 55 13
129 88 11
129 101 13
129 102 12
129 158 11
129 177 11
129 186 11
130 23 13
130 28 10
130 57 13
130 84 13
130 97 13
130 115 13
130 141 13
130 142 12
130 144 13
130 145 13
131 51 10
131 52 11
131 53 12
131 82 10
131 107 12
131 129 12
131 133 10
131 185 13
131 188 11
131 197 12
133 13 11
133 43 11
133 47 11
133 55 12
133 88 12
133 101 10
133 102 11
133 158 11
133 177 11
133 186 10
134 17 12
134 22 12
134 34 10
134 49 11
134 85 12
134 95 13
134 173 10
134 175 11
134 179 13
136 31 10
136 50 11
136 66 13
136 93 10
136 104 13
136 113 12
136 154 13
136 165 12
136 169 13
136 181 13
138 5 13
138 38 13
138 58 12
138 70 12
138 73 10
138 116 11
138 128 10
138 153 10
138 155 12
139 4 10
139 11 12
139 48 10
139 59 13
139 81 12
139 108 11
139 110 11
139 148 10
139 182 12
140 200 11
141 12 11
141 111 11
141 131 10
141 146 12
141 149 12
141 163 12
141 183 13
141 193 12
141 194 11
141 196 12
142 12 11
142 111 12
142 131 11
142 146 13
142 149 10
142 163 10
142 183 12
142 193 13
142 194 13
142 196 11
143 200 11
144 12 13
144 111 12
144 131 11
144 146 13
144 149 11
144 163 12
144 183 10
144 193 12
144 194 12
144 196 11
145 12 12
145 111 10
145 131 10
145 146 12
145 149 12
145 163 13
145 183 13
145 193 11
145 194 12
145 196 13
146 51 13
146 52 13
146 53 11
146 82 12
146 107 10
146 129 11
146 133 12
146 185 11
146 188 12
146 197 10
147 4 10
147 11 11
147 48 12
147 59 13
147 81 10
147 108 13
147 110 12
147 148 13
147 182 12
148 6 13
148 96 11
148 106 10
148 109 11
148 119 12
148 150 13
148 167 12
148 189 12
148 199 10
149 51 13
149 52 10
149 53 12
149 82 11
149 107 10
149 129 11
149 133 11
149 185 13
149 188 11
149 197 11
150 20 13
150 39 11
150 67 12
150 74 10
150 76 11
150 90 13
150 94 11
150 140 11
150 143 13
151 31 13
151 50 12
151 66 11
151 93 10
151 104 10
151 113 13
151 154 13
151 165 11
151 169 10
151 181 12
152 14 11
152 15 11
152 61 13
152 100 11
152 103 13
152 139 12
152 147 12
152 159 12
152 187 11
153 8 13
153 32 12
153 36 12
153 41 11
153 54 10
153 71 12
153 92 12
153 170 13
153 195 12
154 9 12
154 40 10
154 65 11
154 72 13
154 79 11
154 91 12
154 121 11
154 124 12
154 171 11
154 172 13
155 8 11
155 32 12
155 36 13
155 41 13
155 54 10
155 71 13
155 92 10
155 170 10
155 195 11
156 14 12
156 15 13
156 61 11
156 100 13
156 103 12
156 139 13
156 147 12
156 159 10
156 187 11
157 23 13
157 28 10
157 57 10
157 84 11
157 97 12
157 115 10
157 141 13
157 142 11
157 144 10
157 145 12
158 21 10
158 64 11
158 75 11
158 86 12
158 112 10
158 118 13
158 136 12
158 151 13
158 166 12
158 176 11
159 4 12
159 11 10
159 48 13
159 59 12
159 81 12
159 108 13
159 110 10
159 148 10
159 182 13
160 23 10
160 28 11
160 57 12
160 84 12
160 97 13
160 115 10
160 141 10
160 142 13
160 144 13
160 145 12
161 18 12
162 10 11
162 24 13
162 60 13
162 62 10
162 78 12
162 152 12
162 156 10
162 178 10
162 191 13
163 51 11
163 52 13
163 53 13
163 82 12
163 107 12
163 129 12
163 133 13
163 185 11
163 188 11
163 197 11
164 5 13
164 38 11
164 58 12
164 70 10
164 73 10
164 116 11
164 128 12
164 153 12
164 155 12
165 9 10
165 40 12
165 65 10
165 72 12
165 79 11
165 91 10
165 121 12
165 124 12
165 171 13
165 172 13
166 31 11
166 50 13
166 66 13
166 93 12
166 104 12
166 113 13
166 154 11
166 165 13
166 169 12
166 181 12
167 20 11
167 39 10
167 67 12
167 74 10
167 76 11
167 90 11
167 94 13
167 140 11
167 143 11
168 23 10
168 28 11
168 57 11
168 84 11
168 97 10
168 115 10
168 141 12
168 142 12
168 144 10
168 145 12
169 9 12
169 40 13
169 65 11
169 72 11
169 79 12
169 91 12
169 121 13
169 124 10
169 171 13
169 172 12
170 3 11
170 25 11
170 29 10
170 33 11
170 42 10
170 125 11
170 127 11
170 162 11
170 190 13
171 2 13
171 45 11
171 77 12
171 89 13
171 98 10
171 99 10
171 117 12
171 120 12
171 134 13
172 2 11
172 45 12
172 77 10
172 89 10
172 98 10
172 99 13
172 117 10
172 120 12
172 134 10
173 7 11
173 16 13
173 30 12
173 56 13
173 68 11
173 83 12
173 138 11
173 164 11
173 198 11
174 23 13
174 28 10
174 57 13
174 84 12
174 97 13
174 115 12
174 141 11
174 142 10
174 144 13
174 145 12
175 7 12
175 16 10
175 30 12
175 56 10
175 68 11
175 83 10
175 138 12
175 164 13
175 198 13
176 31 11
176 50 13
176 66 13
176 93 12
176 104 11
176 113 12
176 154 11
176 165 13
176 169 10
176 181 13
177 21 10
177 64 13
177 75 11
177 86 12
177 112 13
177 118 10
177 121 10
177 136 13
177 151 10
177 166 13
177 176 13
178 14 11
178 15 12
178 61 12
178 100 12
178 103 13
178 139 13
178 147 12
178 159 10
178 187 12
179 7 10
179 16 10
179 30 11
179 56 13
179 68 13
179 83 12
179 138 13
179 164 11
179 198 10
180 63 11
181 9 11
181 40 10
181 65 11
181 72 11
181 79 11
181 91 13
181 121 11
181 124 12
181 171 10
181 172 10
182 6 11
182 96 12
182 106 10
182 109 10
182 119 12
182 150 12
182 167 11
182 189 10
182 199 12
183 51 12
183 52 10
183 53 11
183 82 13
183 107 12
183 129 13
183 133 11
183 185 13
183 188 12
183 197 11
185 13 10
185 43 11
185 47 10
185 55 11
185 88 10
185 101 11
185 102 10
185 158 12
185 177 12
185 186 13
186 21 12
186 64 11
186 75 13
186 86 12
186 112 10
186 118 11
186 136 10
186 151 13
186 166 13
186 176 10
187 4 13
187 11 10
187 48 12
187 59 10
187 81 11
187 108 10
187 110 12
187 148 11
187 182 10
188 13 10
188 43 13
188 47 10
188 55 11
188 88 12
188 101 11
188 102 10
188 158 10
188 177 10
188 186 12
189 20 10
189 39 13
189 67 10
189 74 13
189 76 11
189 90 13
189 94 10
189 140 13
189 143 11
190 10 13
190 24 12
190 60 12
190 62 13
190 78 11
190 152 13
190 156 13
190 178 10
190 191 10
191 14 12
191 15 11
191 61 12
191 100 11
191 103 11
191 139 11
191 147 11
191 159 11
191 187 13
193 51 10
193 52 12
193 53 12
193 82 11
193 107 13
193 129 13
193 133 10
193 185 11
193 188 13
193 197 10
194 51 11
194 52 10
194 53 12
194 82 11
194 107 12
194 129 12
194 133 13
194 185 12
194 188 11
194 197 10
195 3 11
195 25 13
195 29 10
195 33 10
195 42 11
195 125 12
195 127 12
195 162 10
195 190 10
196 51 11
196 52 13
196 53 12
196 82 11
196 107 11
196 129 13
196 133 11
196 185 11
196 188 11
196 197 12
197 13 12
197 43 13
197 47 11
197 55 11
197 88 13
197 101 11
197 102 13
197 158 13
197 177 11
197 186 11
198 5 12
198 38 10
198 58 13
198 70 12
198 73 11
198 116 13
198 128 13
198 153 13
198 155 10
199 20 11
199 39 11
199 67 12
199 74 10
199 76 12
199 90 12
199 94 11
199 140 12
199 143 12
200 44 10
200 126 10
