500 21
1 500
1 20 31 33 41 50 100 106 114 124 152 167 187 191 199 258 278 319 377 390 408 430 445 458 483
52 56 65 112 119 125 131 138 169 172 180 193 204 225 253 280 316 329 333 371 376 400 402 475
10 13 44 64 69 77 155 178 184 240 256 299 312 325 352 370 401 404 418 446 463 481 487 496
14 35 49 63 76 79 96 136 174 181 192 229 262 264 268 313 315 332 346 351 363 383 454 470
6 27 32 38 75 94 95 113 116 118 123 140 143 177 227 234 304 314 348 422 459 469 474 493
16 26 73 170 183 198 208 215 217 248 252 272 300 326 341 380 397 416 420 436 443 444 452 497
7 9 24 93 105 150 151 159 211 230 236 242 246 267 345 354 364 394 398 414 415 455 478 482
3 40 84 91 115 134 168 173 195 218 221 222 261 279 294 321 334 344 433 451 468 479 491 499
45 82 90 121 126 154 175 179 200 220 235 249 254 259 265 301 322 328 374 399 409 441 450 465
61 80 144 185 190 212 213 214 223 238 255 277 307 331 347 360 365 368 384 403 412 471 473 488
12 46 48 53 127 145 189 201 207 241 247 269 282 295 327 335 355 392 428 437 460 461 476 495
29 47 60 62 66 110 122 165 176 210 233 260 273 290 292 298 323 357 362 385 393 411 425 427
51 107 147 164 197 205 283 288 293 297 318 320 330 337 339 353 366 378 381 386 387 417 435 498
11 36 78 81 87 88 97 146 157 182 257 263 266 317 350 358 395 439 462 467 472 477 485 494
8 34 39 55 58 59 67 98 111 135 158 161 163 188 209 216 232 250 336 356 367 388 419 466
4 17 30 57 129 130 132 137 160 162 166 244 270 286 302 309 391 421 426 464 486 490 492
19 22 28 71 74 102 104 120 128 141 203 219 224 226 271 303 305 310 375 407 413 448 489
18 42 68 103 142 196 202 243 274 275 281 285 311 340 359 372 373 382 406 410 423 424 432
5 23 83 92 148 153 156 186 239 245 276 324 343 349 379 389 429 434 440 447 449 480 484
15 21 43 54 86 99 109 117 149 194 228 237 251 284 287 289 291 308 342 405 438 442 456
2 25 37 70 72 85 89 101 108 133 139 171 206 231 296 306 338 361 369 396 431 453 457 500
1 114 1
1 258 1
1 278 1
1 280 1
1 333 1
1 377 1
2 139 72
2 206 72
2 296 72
2 361 72
3 259 1
3 261 1
3 321 1
3 322 1
3 328 1
3 334 1
3 344 1
3 441 1
3 465 1
3 491 1
4 57 1
4 305 1
4 413 1
4 448 1
4 464 1
4 489 1
5 99 52
5 194 52
5 237 52
5 239 52
5 251 52
5 308 52
5 343 52
5 349 52
5 447 52
5 449 52
6 32 43
6 183 43
6 227 43
6 234 43
8 34 22
8 39 22
8 55 22
8 57 22
8 98 22
8 135 22
8 137 22
8 158 22
8 232 22
8 309 22
9 3 1
9 7 1
9 222 1
9 414 1
9 415 1
9 468 1
9 499 1
10 14 23
10 96 23
10 229 23
10 262 23
10 346 23
10 481 23
10 496 23
11 87 31
11 97 31
11 98 31
11 157 31
11 263 31
11 336 31
11 356 31
11 494 31
12 46 14
12 47 14
12 60 14
12 165 14
12 189 14
12 210 14
12 282 14
12 335 14
12 357 14
12 428 14
12 460 14
12 495 14
13 10 17
13 96 17
13 192 17
13 240 17
13 256 17
13 268 17
13 299 17
13 325 17
13 383 17
13 401 17
13 470 17
14 6 64
14 27 64
14 38 64
14 76 64
14 96 64
14 118 64
14 229 64
14 234 64
14 315 64
14 383 64
14 422 64
14 454 64
15 2 59
15 86 59
15 133 59
15 171 59
15 342 59
15 361 59
15 431 59
15 438 59
16 151 70
16 170 70
16 208 70
16 215 70
16 217 70
16 230 70
16 246 70
16 326 70
16 394 70
16 397 70
16 478 70
17 22 15
17 141 15
17 309 15
18 68 73
18 156 73
18 245 73
18 285 73
18 372 73
18 373 73
18 382 73
19 18 87
19 22 87
19 71 87
19 141 87
19 142 87
19 203 87
19 224 87
19 275 87
19 305 87
19 410 87
19 413 87
20 41 84
20 112 84
20 125 84
20 131 84
20 430 84
20 458 84
21 101 53
21 108 53
21 194 53
21 206 53
21 291 53
21 308 53
22 305 23
22 310 23
22 359 23
22 410 23
22 413 23
23 86 48
23 92 48
23 109 48
23 228 48
23 245 48
23 284 48
23 324 48
23 447 48
23 480 48
24 84 9
24 91 9
24 134 9
24 150 9
24 151 9
24 168 9
24 211 9
24 222 9
24 294 9
24 354 9
24 398 9
24 414 9
24 479 9
24 499 9
25 133 48
25 139 48
25 396 48
26 215 92
26 248 92
26 326 92
26 341 92
26 436 92
26 478 92
27 6 85
27 32 85
27 38 85
27 95 85
27 183 85
27 215 85
27 217 85
27 227 85
27 272 85
27 326 85
27 459 85
28 18 84
28 19 84
28 42 84
28 142 84
28 243 84
28 310 84
29 51 64
29 107 64
29 176 64
29 205 64
29 233 64
29 288 64
29 292 64
29 337 64
29 386 64
29 387 64
29 417 64
29 427 64
31 65 1
31 100 1
31 112 1
31 258 1
31 371 1
31 475 1
32 26 63
32 94 63
32 113 63
32 170 63
32 183 63
32 227 63
32 248 63
32 380 63
33 52 44
33 119 44
33 169 44
33 180 44
33 258 44
33 402 44
34 111 4
34 132 4
34 162 4
34 188 4
34 232 4
34 244 4
34 336 4
34 391 4
34 426 4
34 464 4
37 2 39
37 70 39
37 101 39
37 338 39
37 361 39
37 396 39
37 431 39
38 227 23
38 248 23
38 272 23
38 326 23
38 380 23
38 436 23
38 474 23
39 4 61
39 130 61
39 163 61
39 216 61
39 270 61
39 336 61
39 356 61
39 367 61
39 388 61
39 490 61
39 492 61
40 3 57
40 45 57
40 134 57
40 218 57
40 254 57
40 261 57
40 322 57
40 334 57
40 344 57
40 465 57
40 499 57
41 20 9
41 56 9
41 100 9
41 125 9
41 169 9
41 172 9
41 191 9
41 193 9
41 329 9
41 400 9
41 430 9
42 18 46
42 23 46
42 92 46
42 196 46
42 202 46
42 239 46
42 349 46
42 389 46
42 410 46
42 480 46
43 25 38
43 72 38
43 101 38
43 342 38
43 453 38
43 457 38
43 500 38
44 14 87
44 192 87
44 312 87
44 313 87
44 363 87
44 370 87
45 126 76
45 213 76
45 259 76
45 277 76
45 307 76
45 331 76
45 409 76
45 471 76
46 60 85
46 66 85
46 122 85
46 210 85
46 247 85
46 260 85
46 355 85
46 392 85
46 428 85
46 495 85
47 66 1
47 165 1
47 283 1
47 298 1
47 323 1
47 357 1
47 417 1
49 75 63
49 123 63
49 177 63
49 181 63
49 192 63
49 454 63
50 1 88
50 20 88
50 33 88
50 112 88
50 125 88
50 316 88
50 400 88
50 408 88
50 458 88
51 205 1
51 263 1
51 297 1
51 337 1
51 339 1
51 378 1
51 387 1
51 417 1
51 435 1
51 467 1
52 69 38
52 112 38
52 131 38
52 155 38
52 204 38
52 404 38
53 127 18
53 357 18
53 385 18
53 461 18
54 251 47
54 296 47
54 306 47
54 338 47
55 8 42
55 39 42
55 132 42
55 160 42
55 162 42
55 163 42
55 216 42
55 270 42
55 421 42
56 10 30
56 77 30
56 138 30
56 376 30
56 400 30
56 401 30
56 418 30
56 475 30
57 102 13
57 141 13
57 226 13
57 244 13
57 302 13
57 375 13
57 391 13
57 490 13
58 34 28
58 130 28
58 302 28
58 391 28
58 419 28
58 490 28
59 135 76
59 137 76
59 158 76
59 163 76
59 166 76
59 232 76
59 250 76
59 388 76
59 391 76
59 421 76
59 486 76
60 288 57
60 292 57
60 297 57
60 330 57
60 337 57
60 362 57
60 393 57
61 190 37
61 207 37
61 327 37
61 347 37
61 392 37
61 461 37
62 47 37
62 164 37
62 176 37
62 273 37
62 293 37
62 297 37
62 318 37
62 353 37
62 362 37
62 381 37
62 393 37
63 49 11
63 95 11
63 113 11
63 264 11
63 304 11
63 315 11
63 470 11
63 474 11
64 13 43
64 35 43
64 79 43
64 174 43
64 264 43
64 299 43
64 404 43
64 418 43
64 454 43
65 56 53
65 138 53
65 155 53
65 172 53
65 204 53
65 225 53
65 240 53
65 312 53
65 371 53
65 402 53
65 404 53
65 418 53
65 496 53
66 60 31
66 62 31
66 122 31
66 337 31
66 353 31
66 362 31
66 386 31
66 387 31
67 30 65
67 57 65
67 111 65
67 132 65
67 160 65
67 162 65
67 232 65
67 391 65
67 464 65
67 466 65
68 324 80
68 406 80
71 18 58
71 28 58
71 120 58
71 142 58
71 203 58
71 243 58
71 275 58
71 303 58
71 310 58
71 340 58
71 359 58
71 413 58
71 424 58
72 37 80
72 306 80
72 431 80
73 9 14
73 151 14
73 236 14
73 242 14
73 364 14
73 397 14
73 416 14
74 68 80
74 103 80
74 142 80
74 224 80
74 226 80
74 271 80
74 274 80
74 305 80
74 359 80
74 372 80
74 406 80
74 413 80
75 143 96
75 170 96
75 183 96
75 217 96
75 252 96
75 314 96
75 341 96
76 118 1
76 262 1
76 268 1
76 363 1
76 459 1
76 474 1
76 493 1
77 49 39
77 262 39
77 315 39
77 470 39
78 36 50
78 59 50
78 146 50
78 158 50
78 182 50
79 6 63
79 192 63
79 268 63
79 348 63
79 493 63
80 212 85
80 223 85
80 269 85
80 307 85
80 327 85
80 360 85
80 365 85
80 392 85
81 11 12
81 58 12
81 67 12
81 87 12
81 135 12
81 163 12
81 257 12
81 266 12
81 350 12
81 356 12
81 485 12
82 213 85
82 328 85
82 368 85
82 465 85
83 156 1
83 194 1
83 287 1
83 429 1
83 447 1
83 500 1
85 89 99
85 108 99
85 171 99
87 36 1
87 55 1
87 157 1
87 266 1
87 395 1
87 466 1
87 477 1
88 39 83
88 158 83
88 163 83
88 350 83
88 467 83
89 25 21
89 101 21
89 133 21
89 457 21
90 259 7
90 368 7
91 82 21
91 154 21
91 235 21
91 261 21
91 279 21
91 321 21
91 328 21
91 334 21
91 433 21
92 54 62
92 117 62
92 153 62
92 156 62
92 287 62
92 405 62
92 440 62
92 484 62
93 7 13
93 84 13
93 173 13
93 242 13
93 451 13
94 6 93
94 26 93
94 75 93
94 118 93
94 183 93
94 248 93
94 341 93
94 416 93
95 73 36
95 113 36
95 116 36
95 177 36
95 183 36
95 208 36
95 215 36
95 217 36
95 348 36
95 420 36
95 436 36
95 459 36
95 469 36
95 474 36
95 497 36
96 136 87
96 264 87
96 315 87
96 383 87
96 470 87
97 11 49
97 34 49
97 87 49
97 161 49
97 257 49
97 336 49
97 395 49
97 466 49
97 477 49
98 4 97
98 160 97
98 188 97
98 209 97
98 419 97
98 490 97
99 21 94
99 101 94
99 149 94
99 171 94
99 231 94
99 291 94
99 306 94
99 342 94
99 396 94
100 20 77
100 31 77
100 33 77
100 65 77
100 112 77
100 180 77
100 187 77
100 225 77
100 316 77
100 371 77
100 445 77
100 475 77
101 37 38
101 72 38
101 89 38
103 18 26
103 142 26
103 340 26
103 343 26
103 372 26
103 424 26
103 432 26
103 447 26
103 480 26
104 120 85
104 196 85
104 219 85
104 275 85
104 303 85
104 311 85
104 489 85
107 297 65
107 317 65
107 337 65
107 386 65
107 498 65
108 133 98
108 139 98
108 206 98
109 15 23
109 25 23
109 117 23
109 206 23
109 338 23
110 107 47
110 292 47
110 323 47
110 353 47
110 381 47
110 393 47
111 4 20
111 30 20
111 58 20
111 67 20
111 336 20
111 426 20
111 490 20
113 94 10
113 183 10
113 248 10
114 31 21
114 50 21
114 56 21
114 125 21
114 152 21
114 475 21
115 126 29
115 179 29
115 321 29
115 491 29
115 499 29
117 70 66
117 85 66
117 99 66
117 194 66
117 206 66
117 342 66
117 442 66
118 94 33
118 300 33
118 304 33
118 497 33
119 131 90
119 253 90
119 280 90
119 400 90
119 401 90
119 446 90
119 475 90
120 102 92
120 219 92
120 274 92
120 310 92
120 423 92
121 179 51
121 190 51
121 213 51
121 235 51
121 254 51
121 265 51
121 412 51
121 471 51
122 29 27
122 60 27
122 66 27
122 110 27
122 260 27
122 283 27
122 292 27
122 293 27
122 378 27
122 435 27
123 32 15
123 113 15
123 116 15
123 140 15
123 198 15
123 326 15
123 348 15
123 416 15
123 422 15
123 444 15
124 20 39
124 167 39
124 180 39
124 187 39
124 204 39
124 225 39
124 258 39
124 278 39
124 390 39
124 408 39
124 483 39
125 172 59
125 204 59
125 225 59
125 253 59
125 312 59
125 329 59
125 371 59
125 400 59
125 401 59
125 418 59
125 475 59
126 154 54
126 212 54
126 214 54
126 223 54
126 307 54
127 46 23
127 176 23
127 247 23
127 295 23
127 323 23
127 362 23
127 476 23
128 22 13
128 28 13
128 103 13
128 219 13
128 271 13
128 305 13
128 372 13
128 375 13
128 489 13
129 17 5
129 30 5
129 407 5
129 448 5
129 492 5
130 17 32
130 22 32
130 30 32
130 57 32
130 74 32
130 160 32
130 162 32
130 407 32
131 13 52
131 65 52
131 112 52
131 178 52
131 184 52
131 193 52
131 225 52
131 256 52
131 299 52
131 333 52
131 352 52
131 371 52
131 400 52
131 487 52
132 19 11
132 28 11
132 224 11
132 271 11
133 139 58
133 296 58
134 84 100
134 90 100
134 126 100
134 179 100
134 301 100
134 334 100
134 374 100
135 250 92
135 419 92
135 421 92
135 486 92
136 35 32
136 113 32
136 118 32
136 177 32
136 227 32
136 348 32
136 459 32
136 474 32
137 130 36
137 162 36
137 270 36
137 391 36
137 490 36
138 155 6
138 172 6
138 299 6
138 370 6
138 371 6
138 402 6
138 475 6
139 2 33
139 206 33
139 296 33
139 369 33
139 396 33
139 453 33
140 16 79
140 73 79
140 75 79
140 248 79
140 416 79
140 452 79
141 68 57
141 103 57
141 224 57
141 243 57
141 406 57
141 410 57
142 5 71
142 18 71
142 92 71
142 153 71
142 245 71
142 372 71
142 389 71
142 449 71
142 480 71
143 6 62
143 16 62
143 26 62
143 38 62
143 73 62
143 118 62
143 123 62
143 170 62
143 177 62
143 326 62
143 397 62
143 422 62
143 443 62
143 474 62
143 493 62
144 61 70
144 201 70
144 207 70
144 238 70
144 241 70
144 495 70
145 12 12
145 29 12
145 66 12
145 110 12
145 127 12
145 201 12
145 207 12
145 260 12
146 11 44
146 34 44
146 39 44
146 58 44
146 98 44
146 163 44
146 188 44
146 350 44
147 197 11
147 320 11
147 381 11
147 395 11
147 467 11
148 5 89
148 23 89
148 92 89
148 245 89
148 289 89
148 324 89
148 343 89
148 379 89
148 389 89
148 405 89
149 86 7
149 101 7
149 109 7
149 228 7
150 84 44
150 211 44
150 394 44
150 455 44
150 479 44
151 91 62
151 115 62
151 173 62
151 344 62
151 364 62
151 414 62
151 433 62
152 41 29
152 52 29
152 56 29
152 100 29
152 131 29
152 193 29
152 225 29
152 253 29
152 377 29
153 5 11
153 109 11
153 239 11
153 284 11
153 342 11
153 349 11
153 429 11
153 480 11
154 126 39
154 212 39
154 213 39
154 235 39
154 301 39
154 360 39
154 365 39
154 368 39
154 384 39
154 412 39
155 13 13
155 35 13
155 64 13
155 77 13
155 96 13
155 136 13
155 332 13
155 351 13
155 401 13
155 463 13
156 54 51
156 92 51
156 148 51
156 149 51
156 194 51
156 237 51
156 245 51
156 289 51
156 291 51
156 379 51
156 389 51
156 429 51
156 440 51
156 447 51
157 59 43
157 88 43
157 146 43
157 163 43
157 358 43
157 388 43
157 494 43
158 4 75
158 30 75
158 34 75
158 59 75
158 160 75
158 232 75
158 244 75
158 286 75
158 490 75
159 40 53
159 150 53
159 344 53
161 58 7
161 162 7
162 19 81
162 71 81
162 128 81
162 166 81
162 305 81
162 492 81
163 8 46
163 30 46
163 34 46
163 55 46
163 58 46
163 67 46
163 98 46
163 129 46
163 135 46
163 160 46
163 166 46
163 232 46
163 250 46
163 286 46
163 388 46
163 426 46
163 464 46
164 36 17
164 51 17
164 147 17
164 157 17
164 263 17
164 317 17
164 378 17
164 395 17
164 417 17
164 467 17
164 477 17
164 498 17
165 164 8
165 283 8
165 381 8
165 393 8
165 417 8
165 427 8
165 498 8
166 17 90
166 104 90
166 160 90
166 203 90
166 219 90
166 271 90
166 489 90
168 90 93
168 121 93
168 134 93
168 173 93
168 179 93
168 200 93
168 254 93
168 344 93
168 409 93
168 433 93
169 13 4
169 56 4
169 69 4
169 225 4
169 299 4
169 333 4
169 352 4
170 9 37
170 150 37
170 415 37
170 416 37
170 452 37
170 497 37
171 85 52
171 101 52
171 206 52
171 296 52
171 306 52
171 396 52
172 10 49
172 44 49
172 125 49
172 225 49
172 256 49
172 299 49
172 370 49
172 418 49
172 463 49
173 126 65
173 179 65
173 220 65
173 259 65
173 265 65
173 294 65
173 328 65
173 334 65
174 27 56
174 35 56
174 63 56
174 79 56
174 96 56
174 136 56
174 264 56
174 268 56
174 383 56
174 422 56
175 126 90
175 185 90
175 212 90
175 220 90
175 277 90
175 328 90
175 450 90
176 51 3
176 62 3
176 110 3
176 197 3
176 293 3
176 318 3
176 498 3
177 16 34
177 73 34
177 94 34
177 123 34
177 227 34
177 304 34
177 314 34
177 341 34
177 416 34
178 44 83
178 155 83
178 229 83
178 312 83
178 351 83
178 401 83
179 213 93
179 235 93
179 255 93
179 331 93
180 10 81
180 52 81
180 172 81
180 178 81
180 253 81
180 299 81
180 352 81
180 370 81
180 401 81
180 463 81
180 487 81
181 38 8
181 49 8
181 262 8
181 459 8
181 474 8
182 8 61
182 97 61
182 209 61
182 216 61
182 336 61
182 350 61
182 472 61
183 7 21
183 159 21
183 208 21
183 246 21
183 341 21
183 478 21
185 201 80
185 214 80
185 412 80
185 428 80
185 461 80
185 488 80
186 21 78
186 54 78
186 149 78
186 156 78
186 342 78
186 389 78
186 405 78
186 434 78
186 447 78
187 31 82
187 52 82
187 131 82
187 319 82
187 458 82
188 39 99
188 55 99
188 67 99
188 111 99
188 132 99
188 270 99
188 286 99
188 426 99
188 466 99
188 490 99
189 12 40
189 47 40
189 48 40
189 176 40
189 210 40
189 260 40
189 269 40
189 393 40
189 460 40
190 12 26
190 46 26
190 80 26
190 145 26
190 185 26
190 212 26
190 277 26
190 282 26
190 331 26
190 360 26
190 476 26
191 114 32
191 124 32
191 125 32
191 225 32
191 333 32
191 371 32
191 390 32
191 475 32
192 6 17
192 63 17
192 113 17
192 140 17
192 174 17
192 177 17
192 422 17
192 493 17
193 64 23
193 172 23
193 333 23
193 352 23
193 376 23
193 418 23
195 90 18
195 126 18
195 179 18
195 265 18
195 441 18
195 491 18
196 18 41
196 153 41
196 156 41
196 340 41
196 372 41
196 389 41
196 434 41
196 449 41
198 7 83
198 24 83
198 93 83
198 208 83
198 211 83
198 236 83
198 267 83
198 497 83
199 1 81
199 33 81
199 50 81
199 119 81
199 125 81
199 187 81
199 191 81
199 204 81
199 253 81
199 278 81
199 408 81
200 144 62
200 175 62
200 185 62
200 223 62
200 259 62
200 265 62
200 328 62
200 368 62
200 409 62
201 29 11
201 392 11
201 428 11
201 460 11
201 461 11
201 476 11
201 495 11
202 23 1
202 42 1
202 83 1
202 103 1
202 142 1
202 243 1
202 245 1
202 274 1
202 275 1
202 343 1
202 349 1
202 432 1
202 440 1
203 102 61
203 226 61
203 243 61
203 310 61
203 375 61
203 407 61
203 432 61
204 225 89
204 312 89
204 352 89
204 487 89
205 88 77
205 257 77
205 263 77
205 320 77
205 350 77
205 353 77
205 381 77
205 472 77
206 85 31
206 108 31
206 338 31
206 500 31
207 46 48
207 53 48
207 66 48
207 145 48
207 165 48
207 189 48
207 298 48
207 393 48
208 16 71
208 26 71
208 198 71
208 242 71
208 397 71
208 455 71
209 4 1
209 30 1
209 57 1
209 188 1
209 302 1
209 419 1
209 464 1
210 66 62
210 107 62
210 176 62
210 260 62
210 298 62
210 318 62
210 353 62
210 386 62
210 417 62
211 3 77
211 134 77
211 173 77
211 195 77
211 221 77
211 468 77
212 46 45
212 80 45
212 127 45
212 241 45
212 282 45
212 476 45
213 46 13
213 212 13
213 247 13
213 282 13
213 327 13
213 365 13
214 12 5
214 80 5
214 144 5
214 190 5
214 223 5
214 307 5
214 355 5
214 368 5
214 403 5
214 461 5
215 16 86
215 73 86
215 252 86
215 272 86
215 300 86
215 380 86
215 394 86
215 414 86
215 482 86
216 59 57
216 98 57
216 130 57
216 302 57
216 466 57
217 159 7
217 230 7
217 246 7
217 252 7
217 300 7
217 341 7
217 380 7
217 394 7
217 414 7
217 416 7
217 482 7
217 497 7
218 3 56
218 82 56
218 84 56
218 168 56
218 175 56
218 261 56
218 328 56
218 334 56
218 374 56
218 465 56
219 74 75
219 104 75
219 142 75
219 196 75
219 359 75
219 382 75
219 406 75
220 82 92
220 144 92
220 154 92
220 190 92
220 212 92
220 214 92
220 235 92
220 254 92
220 301 92
220 365 92
220 374 92
220 409 92
220 441 92
220 450 92
220 473 92
222 40 66
222 121 66
222 173 66
222 175 66
222 179 66
222 235 66
222 254 66
222 294 66
222 321 66
222 328 66
222 344 66
222 450 66
222 468 66
224 19 12
224 104 12
224 141 12
224 243 12
224 359 12
224 410 12
224 489 12
225 112 72
225 155 72
225 172 72
225 240 72
225 402 72
225 487 72
225 496 72
226 68 83
226 103 83
226 141 83
226 281 83
226 489 83
227 140 60
227 170 60
227 248 60
227 348 60
227 444 60
228 25 10
228 89 10
228 101 10
228 284 10
228 289 10
228 396 10
229 63 17
229 94 17
229 118 17
229 143 17
229 313 17
229 314 17
229 469 17
230 151 100
230 159 100
230 242 100
230 415 100
230 468 100
230 478 100
231 296 74
231 453 74
231 457 74
232 4 14
232 98 14
232 137 14
232 160 14
232 216 14
232 336 14
232 464 14
232 466 14
234 26 66
234 177 66
234 304 66
234 326 66
234 416 66
234 493 66
235 80 71
235 200 71
235 238 71
235 301 71
235 384 71
235 441 71
236 7 50
236 9 50
236 24 50
236 261 50
236 294 50
236 345 50
236 468 50
236 478 50
237 2 35
237 15 35
237 25 35
237 37 35
237 251 35
237 296 35
237 308 35
237 342 35
237 431 35
238 46 31
238 80 31
238 144 31
238 223 31
238 355 31
238 365 31
238 403 31
238 412 31
238 437 31
238 476 31
239 86 30
239 148 30
239 194 30
239 251 30
239 342 30
239 349 30
239 438 30
240 49 23
240 96 23
240 178 23
240 181 23
240 325 23
240 363 23
240 383 23
243 103 87
243 148 87
243 275 87
243 285 87
243 382 87
243 410 87
243 423 87
245 194 29
245 287 29
245 289 29
245 291 29
245 308 29
245 379 29
245 438 29
245 440 29
245 480 29
246 9 4
246 24 4
246 84 4
246 134 4
246 173 4
246 221 4
246 279 4
246 334 4
246 364 4
247 46 95
247 66 95
247 201 95
247 260 95
247 385 95
247 392 95
247 411 95
247 428 95
247 437 95
247 495 95
248 9 15
248 26 15
248 93 15
248 236 15
248 414 15
248 443 15
248 455 15
249 144 46
249 200 46
249 212 46
249 214 46
249 365 46
249 374 46
249 403 46
250 39 16
250 111 16
250 336 16
250 367 16
250 388 16
250 464 16
250 486 16
251 2 52
251 54 52
251 72 52
251 194 52
251 237 52
251 308 52
251 338 52
251 369 52
251 431 52
251 438 52
252 26 8
252 183 8
252 215 8
252 300 8
252 326 8
252 364 8
252 416 8
252 455 8
252 478 8
253 13 36
253 44 36
253 119 36
253 125 36
253 131 36
253 172 36
253 312 36
253 370 36
253 376 36
253 401 36
254 154 91
254 259 91
254 307 91
255 241 81
255 331 81
255 347 81
255 368 81
255 384 81
255 495 81
256 44 54
256 63 54
256 64 54
256 69 54
256 96 54
256 229 54
256 264 54
256 325 54
256 332 54
256 352 54
256 370 54
256 470 54
256 496 54
257 8 18
257 59 18
257 88 18
257 161 18
257 182 18
257 209 18
257 350 18
257 477 18
258 31 87
258 52 87
258 100 87
258 152 87
258 483 87
259 80 1
259 90 1
259 121 1
259 144 1
259 200 1
259 212 1
259 307 1
259 357 1
259 374 1
260 51 3
260 66 3
260 165 3
260 292 3
260 323 3
260 330 3
260 411 3
260 427 3
260 498 3
261 45 75
261 121 75
261 175 75
261 221 75
261 321 75
261 450 75
261 491 75
262 6 64
262 49 64
262 63 64
262 75 64
262 94 64
262 96 64
262 113 64
262 174 64
262 234 64
262 346 64
263 209 1
263 472 1
264 14 84
264 38 84
264 79 84
264 143 84
264 192 84
264 227 84
264 332 84
264 351 84
264 363 84
266 11 59
266 36 59
266 39 59
266 97 59
266 188 59
266 336 59
266 395 59
266 477 59
267 105 59
267 159 59
267 221 59
267 344 59
267 354 59
267 414 59
267 455 59
268 32 66
268 94 66
268 118 66
268 181 66
268 192 66
268 314 66
268 346 66
268 363 66
268 454 66
268 459 66
269 165 9
269 210 9
269 323 9
269 437 9
269 460 9
270 19 80
270 104 80
270 128 80
270 160 80
270 162 80
270 375 80
270 421 80
270 426 80
270 486 80
271 142 27
271 196 27
271 382 27
271 406 27
271 432 27
272 150 42
272 159 42
272 208 42
272 242 42
272 300 42
272 364 42
272 420 42
272 443 42
273 122 28
273 165 28
273 197 28
273 260 28
273 318 28
273 411 28
274 340 40
274 359 40
274 389 40
274 432 40
274 447 40
275 23 46
275 92 46
275 103 46
275 285 46
275 449 46
276 99 8
276 156 8
276 228 8
276 237 8
276 245 8
276 405 8
277 145 25
277 185 25
277 201 25
277 207 25
277 213 25
277 255 25
277 360 25
277 384 25
277 403 25
278 329 21
279 90 71
279 121 71
279 200 71
279 222 71
279 261 71
279 322 71
279 344 71
279 399 71
279 409 71
280 56 1
280 69 1
280 76 1
280 172 1
280 180 1
280 184 1
280 256 1
280 352 1
280 400 1
280 481 1
280 496 1
281 92 14
281 186 14
281 274 14
281 340 14
281 373 14
281 480 14
282 176 10
282 201 10
282 233 10
282 393 10
283 81 68
283 157 68
283 182 68
283 263 68
283 318 68
283 330 68
283 337 68
283 386 68
283 467 68
283 485 68
284 21 8
284 25 8
284 37 8
284 72 8
284 85 8
284 86 8
284 228 8
284 369 8
285 23 22
285 276 22
285 372 22
285 379 22
285 423 22
285 424 22
285 440 22
285 480 22
285 484 22
286 22 34
286 71 34
286 120 34
286 203 34
286 219 34
286 270 34
286 310 34
286 375 34
286 421 34
288 297 13
288 320 13
288 350 13
289 43 41
289 54 41
289 85 41
289 108 41
289 194 41
289 306 41
289 342 41
289 361 41
289 500 41
290 107 99
290 176 99
290 197 99
290 283 99
290 353 99
290 357 99
290 386 99
290 393 99
291 15 45
291 228 45
291 438 45
291 500 45
292 29 32
292 47 32
292 273 32
292 283 32
292 298 32
292 366 32
292 386 32
292 387 32
293 87 38
293 107 38
293 283 38
293 317 38
293 330 38
293 381 38
294 84 79
294 126 79
294 261 79
294 334 79
295 47 36
295 62 36
295 127 36
295 189 36
295 260 36
295 269 36
295 335 36
295 425 36
295 437 36
295 476 36
296 25 45
296 89 45
296 108 45
296 206 45
296 396 45
297 205 89
297 293 89
297 366 89
297 417 89
297 485 89
299 10 26
299 262 26
299 313 26
299 346 26
299 463 26
300 170 53
300 183 53
300 236 53
300 326 53
300 380 53
300 414 53
301 175 94
301 254 94
301 322 94
301 328 94
301 331 94
301 412 94
301 441 94
301 471 94
302 28 9
302 74 9
302 162 9
302 203 9
302 391 9
303 18 31
303 102 31
303 120 31
303 274 31
303 310 31
303 407 31
303 410 31
304 6 95
304 16 95
304 94 95
304 208 95
304 341 95
304 422 95
304 469 95
304 493 95
305 71 61
305 142 61
305 340 61
305 423 61
305 432 61
306 108 25
306 206 25
306 431 25
306 453 25
306 500 25
307 12 35
307 61 35
307 80 35
307 213 35
307 241 35
307 247 35
307 282 35
307 295 35
307 384 35
307 488 35
309 71 99
309 104 99
309 160 99
309 226 99
309 375 99
310 22 8
310 74 8
310 142 8
310 219 8
310 274 8
310 275 8
310 423 8
311 156 27
311 186 27
312 69 87
312 76 87
312 181 87
312 346 87
312 351 87
312 370 87
312 401 87
312 496 87
313 6 42
313 118 42
313 234 42
313 262 42
313 264 42
313 459 42
313 469 42
313 493 42
314 32 60
314 143 60
314 170 60
314 177 60
314 198 60
314 215 60
314 300 60
314 326 60
314 397 60
314 422 60
314 443 60
314 469 60
315 38 39
315 94 39
315 143 39
315 192 39
315 454 39
315 493 39
316 44 84
316 138 84
316 352 84
316 401 84
316 418 84
317 67 1
317 88 1
317 98 1
317 111 1
317 188 1
317 216 1
317 266 1
317 466 1
317 477 1
317 494 1
318 11 60
318 36 60
318 257 60
318 283 60
318 288 60
318 320 60
318 378 60
318 467 60
319 20 85
319 138 85
319 152 85
319 172 85
319 191 85
319 316 85
319 371 85
320 81 60
320 97 60
320 147 60
320 182 60
320 297 60
320 317 60
320 386 60
320 462 60
320 467 60
320 485 60
321 40 45
321 84 45
321 121 45
321 154 45
321 195 45
321 221 45
321 222 45
321 261 45
321 328 45
321 399 45
322 82 8
322 126 8
322 175 8
322 238 8
322 255 8
322 473 8
322 488 8
323 51 38
323 210 38
323 260 38
323 290 38
323 292 38
323 330 38
323 362 38
323 386 38
323 387 38
323 411 38
323 417 38
324 5 3
324 43 3
324 156 3
324 239 3
324 284 3
324 291 3
324 308 3
324 449 3
324 484 3
325 14 10
325 64 10
325 136 10
325 262 10
325 299 10
325 312 10
325 352 10
326 73 14
326 159 14
326 246 14
326 252 14
326 364 14
326 478 14
326 497 14
327 47 1
327 60 1
327 62 1
327 210 1
327 273 1
327 357 1
327 437 1
328 126 24
328 212 24
328 214 24
328 223 24
328 238 24
328 301 24
328 365 24
328 368 24
329 56 4
329 138 4
329 172 4
329 225 4
329 487 4
330 51 56
330 78 56
330 107 56
330 205 56
330 257 56
330 263 56
330 266 56
330 318 56
330 467 56
330 485 56
332 95 17
332 363 17
332 422 17
332 474 17
333 56 23
333 65 23
333 138 23
333 169 23
333 316 23
333 401 23
333 402 23
334 45 28
334 115 28
334 322 28
334 344 28
334 409 28
334 468 28
335 60 32
335 66 32
335 233 32
335 269 32
335 273 32
337 107 93
337 146 93
337 266 93
337 288 93
337 330 93
337 353 93
337 381 93
337 395 93
337 435 93
337 439 93
337 485 93
338 72 47
338 369 47
338 396 47
338 457 47
339 11 55
339 87 55
339 107 55
339 257 55
339 293 55
339 337 55
339 386 55
339 439 55
339 477 55
340 83 97
340 142 97
340 274 97
340 276 97
340 349 97
340 382 97
340 389 97
340 432 97
340 484 97
341 198 88
341 215 88
341 242 88
341 300 88
341 345 88
341 397 88
341 398 88
341 436 88
341 452 88
341 482 88
342 85 39
342 101 39
342 117 39
342 291 39
342 431 39
342 500 39
343 15 13
343 153 13
343 251 13
343 276 13
343 287 13
344 179 9
344 259 9
344 279 9
344 328 9
344 334 9
344 450 9
345 24 82
345 242 82
345 398 82
345 482 82
345 491 82
345 499 82
346 76 41
346 79 41
346 136 41
346 140 41
346 143 41
346 304 41
346 332 41
346 422 41
346 459 41
346 474 41
347 185 89
347 207 89
347 238 89
347 269 89
347 295 89
348 26 44
348 113 44
348 314 44
348 474 44
349 23 45
349 99 45
349 228 45
349 239 45
349 245 45
349 291 45
349 429 45
349 447 45
349 480 45
351 63 62
351 76 62
351 95 62
351 96 62
351 136 62
351 264 62
351 346 62
352 76 11
352 174 11
352 256 11
352 332 11
352 363 11
352 463 11
353 107 98
353 266 98
353 283 98
353 293 98
353 381 98
353 417 98
353 462 98
354 7 52
354 24 52
354 115 52
354 195 52
354 334 52
355 47 30
355 145 30
355 233 30
355 393 30
355 428 30
356 34 47
356 39 47
356 67 47
356 135 47
356 161 47
356 163 47
356 286 47
356 302 47
356 388 47
356 486 47
357 51 1
357 165 1
357 197 1
357 233 1
357 337 1
357 366 1
357 387 1
357 498 1
358 8 37
358 11 37
358 67 37
358 209 37
358 216 37
358 232 37
358 336 37
358 350 37
358 388 37
358 477 37
358 494 37
359 5 89
359 83 89
359 92 89
359 103 89
359 196 89
359 239 89
359 243 89
359 274 89
359 434 89
359 480 89
360 46 55
360 53 55
360 189 55
360 201 55
360 247 55
360 269 55
360 282 55
360 295 55
360 327 55
360 392 55
363 14 91
363 27 91
363 32 91
363 49 91
363 63 91
363 95 91
363 227 91
363 229 91
363 234 91
363 304 91
363 383 91
363 459 91
363 469 91
363 493 91
364 134 89
364 159 89
364 173 89
364 218 89
364 267 89
364 294 89
364 334 89
364 398 89
364 414 89
365 201 67
365 282 67
365 295 67
365 335 67
365 476 67
365 488 67
367 4 60
367 34 60
367 98 60
367 135 60
367 160 60
367 270 60
367 426 60
368 61 94
368 207 94
368 213 94
368 255 94
368 307 94
368 335 94
368 355 94
368 473 94
369 108 85
369 139 85
370 155 17
370 346 17
370 481 17
370 496 17
371 44 78
371 52 78
371 64 78
371 125 78
371 138 78
371 193 78
371 256 78
371 312 78
371 316 78
371 325 78
371 400 78
371 401 78
371 496 78
372 18 99
372 83 99
372 103 99
372 142 99
372 156 99
372 349 99
372 424 99
372 429 99
372 440 99
372 447 99
373 148 75
373 349 75
373 434 75
373 447 75
373 449 75
374 80 79
374 154 79
374 200 79
374 213 79
374 301 79
374 307 79
374 347 79
374 473 79
375 18 69
375 71 69
377 193 11
377 316 11
377 390 11
377 475 11
378 81 80
378 87 80
378 197 80
378 293 80
378 317 80
378 318 80
378 320 80
378 339 80
378 350 80
378 358 80
378 366 80
379 23 58
379 54 58
379 83 58
379 117 58
379 153 58
379 237 58
379 456 58
379 480 58
380 73 73
380 151 73
380 208 73
381 146 60
381 164 60
381 387 60
381 439 60
381 467 60
384 144 46
384 145 46
384 185 46
384 207 46
384 269 46
384 295 46
384 428 46
384 460 46
384 471 46
385 107 45
385 122 45
385 197 45
385 290 45
385 297 45
385 318 45
385 320 45
385 339 45
385 366 45
385 387 45
385 411 45
386 317 75
386 350 75
386 417 75
386 439 75
386 467 75
387 146 31
387 263 31
387 283 31
387 317 31
387 378 31
387 386 31
387 395 31
387 477 31
388 8 49
388 30 49
388 161 49
388 209 49
388 250 49
388 270 49
388 286 49
390 41 10
390 52 10
390 124 10
390 167 10
390 180 10
390 280 10
390 316 10
390 376 10
390 430 10
390 445 10
390 475 10
391 22 65
391 57 65
391 104 65
391 120 65
391 128 65
391 160 65
391 244 65
391 464 65
391 489 65
391 490 65
392 12 14
392 53 14
392 233 14
392 393 14
392 460 14
392 461 14
393 62 47
393 66 47
393 122 47
393 165 47
393 205 47
393 318 47
393 337 47
393 366 47
393 435 47
393 498 47
394 40 81
394 134 81
394 236 81
394 246 81
394 261 81
394 267 81
394 344 81
394 345 81
395 78 82
395 87 82
395 88 82
395 188 82
395 216 82
395 350 82
395 388 82
398 24 57
398 218 57
398 236 57
398 415 57
398 478 57
399 80 53
399 126 53
399 213 53
399 235 53
399 265 53
399 347 53
399 384 53
400 56 20
400 77 20
400 112 20
400 169 20
400 180 20
400 184 20
400 325 20
400 352 20
400 418 20
400 463 20
400 481 20
401 77 65
401 155 65
401 174 65
401 192 65
401 262 65
401 299 65
401 315 65
401 332 65
401 363 65
402 119 78
402 155 78
402 280 78
402 325 78
402 418 78
402 481 78
404 35 42
404 174 42
404 184 42
404 192 42
404 418 42
404 446 42
404 470 42
405 15 8
405 99 8
405 206 8
405 251 8
405 306 8
405 342 8
405 456 8
406 156 8
406 343 8
406 389 8
406 410 8
406 429 8
406 440 8
406 484 8
407 42 47
407 271 47
407 285 47
407 311 47
407 359 47
407 372 47
407 373 47
408 56 3
408 112 3
408 114 3
408 280 3
408 316 3
408 376 3
408 400 3
408 475 3
409 90 8
409 249 8
409 265 8
409 307 8
409 403 8
409 441 8
410 18 66
410 103 66
410 148 66
410 153 66
410 276 66
410 324 66
410 373 66
410 434 66
410 447 66
410 449 66
411 197 18
411 233 18
411 292 18
411 337 18
412 12 71
412 61 71
412 127 71
412 269 71
412 277 71
412 331 71
412 347 71
412 384 71
412 403 71
412 428 71
412 495 71
413 22 1
413 42 1
413 104 1
413 202 1
413 271 1
413 373 1
413 382 1
413 407 1
413 410 1
413 432 1
413 448 1
415 3 2
415 93 2
415 221 2
415 230 2
415 246 2
415 433 2
415 451 2
415 491 2
416 24 84
416 73 84
416 105 84
416 159 84
416 242 84
416 414 84
417 11 22
417 51 22
417 146 22
417 266 22
417 358 22
417 386 22
417 462 22
417 467 22
418 76 3
418 184 3
418 192 3
418 299 3
418 351 3
418 383 3
418 487 3
419 17 83
419 98 83
419 111 83
419 158 83
419 163 83
419 209 83
419 391 83
419 421 83
419 490 83
420 24 74
420 26 74
420 215 74
420 230 74
420 242 74
420 267 74
420 397 74
420 478 74
421 71 19
421 102 19
421 166 19
421 270 19
421 302 19
421 391 19
421 486 19
421 492 19
422 73 40
422 113 40
422 123 40
422 183 40
422 234 40
422 444 40
422 459 40
422 474 40
423 23 7
423 42 7
423 153 7
423 276 7
423 340 7
423 382 7
423 424 7
423 432 7
424 23 24
424 148 24
424 196 24
424 359 24
424 410 24
424 423 24
424 447 24
425 51 34
425 164 34
425 260 34
425 273 34
425 288 34
425 290 34
425 292 34
425 353 34
425 362 34
425 366 34
425 378 34
426 120 56
426 128 56
426 391 56
426 407 56
426 413 56
427 29 93
427 47 93
427 51 93
427 122 93
427 298 93
427 339 93
427 353 93
427 387 93
428 122 6
428 176 6
428 201 6
428 233 6
428 260 6
428 385 6
428 392 6
428 476 6
429 43 69
429 54 69
429 83 69
429 148 69
429 149 69
429 194 69
429 284 69
429 438 69
429 456 69
429 484 69
430 41 30
430 50 30
430 169 30
430 319 30
430 377 30
430 445 30
431 369 9
433 84 10
433 301 10
433 344 10
433 441 10
433 479 10
434 5 88
434 15 88
434 21 88
434 23 88
434 117 88
434 153 88
434 228 88
434 251 88
434 284 88
434 480 88
435 87 27
435 157 27
435 164 27
435 283 27
435 293 27
435 297 27
435 353 27
435 417 27
436 170 12
436 211 12
436 267 12
436 397 12
436 398 12
436 415 12
436 420 12
438 37 85
438 54 85
438 85 85
438 101 85
438 108 85
438 194 85
438 251 85
438 338 85
438 361 85
438 442 85
438 456 85
439 39 69
439 97 69
439 98 69
439 250 69
440 86 2
440 109 2
440 148 2
440 156 2
440 186 2
440 239 2
440 287 2
440 389 2
441 82 79
441 185 79
441 374 79
441 412 79
441 450 79
441 488 79
442 2 1
442 70 1
442 99 1
442 117 1
442 133 1
442 287 1
442 296 1
442 306 1
442 338 1
443 24 35
443 93 35
443 159 35
443 170 35
443 208 35
443 345 35
443 354 35
443 397 35
443 398 35
443 414 35
443 455 35
443 478 35
444 93 9
444 170 9
444 217 9
444 230 9
444 341 9
444 345 9
444 415 9
444 455 9
445 56 80
445 138 80
445 280 80
445 400 80
445 458 80
447 83 45
447 86 45
447 92 45
447 149 45
447 438 45
447 480 45
448 19 66
448 22 66
448 103 66
448 274 66
448 310 66
448 407 66
448 410 66
448 423 66
448 424 66
449 43 93
449 54 93
449 92 93
449 156 93
449 186 93
449 276 93
449 308 93
449 389 93
449 434 93
449 438 93
449 440 93
449 447 93
449 456 93
449 480 93
450 82 38
450 175 38
450 179 38
450 213 38
450 214 38
450 220 38
450 277 38
450 307 38
450 331 38
450 365 38
450 441 38
450 473 38
452 105 17
452 183 17
452 208 17
452 248 17
452 380 17
452 397 17
452 443 17
453 37 46
453 70 46
453 139 46
453 231 46
453 306 46
454 32 86
454 49 86
454 140 86
454 234 86
454 469 86
457 2 80
457 72 80
457 89 80
457 306 80
459 198 67
459 208 67
460 189 43
460 241 43
460 273 43
460 355 43
460 362 43
460 425 43
460 495 43
461 12 36
461 241 36
461 282 36
461 290 36
461 335 36
461 427 36
461 476 36
462 8 100
462 11 100
462 55 100
462 59 100
462 87 100
462 209 100
462 367 100
463 174 96
463 192 96
463 312 96
463 325 96
463 346 96
463 481 96
464 57 10
464 224 10
464 486 10
465 45 74
465 90 74
465 126 74
465 301 74
465 307 74
465 384 74
465 403 74
465 409 74
465 471 74
466 8 85
466 166 85
466 244 85
466 250 85
466 270 85
466 302 85
466 421 85
467 8 57
467 39 57
467 78 57
467 87 57
467 111 57
467 146 57
467 257 57
467 485 57
468 40 70
468 115 70
468 154 70
468 173 70
468 254 70
468 321 70
468 322 70
468 451 70
469 16 37
469 27 37
469 75 37
469 113 37
469 116 37
469 217 37
469 234 37
469 326 37
469 348 37
469 493 37
470 79 92
470 113 92
470 123 92
470 227 92
470 234 92
470 264 92
470 459 92
470 474 92
470 493 92
471 61 65
471 144 65
471 201 65
471 213 65
471 355 65
471 360 65
471 368 65
471 392 65
471 412 65
471 428 65
471 488 65
472 111 45
472 158 45
472 336 45
472 356 45
472 419 45
472 467 45
473 48 46
473 185 46
473 255 46
473 331 46
473 384 46
473 412 46
473 437 46
473 460 46
473 495 46
474 26 84
474 73 84
474 113 84
474 170 84
474 177 84
474 227 84
474 252 84
474 436 84
474 497 84
475 225 8
475 240 8
475 253 8
475 371 8
475 402 8
475 404 8
475 487 8
476 53 60
476 292 60
477 39 52
477 78 52
477 216 52
477 263 52
477 317 52
477 356 52
477 388 52
477 472 52
478 3 60
478 24 60
478 84 60
478 91 60
478 242 60
478 267 60
478 294 60
478 364 60
478 414 60
479 126 85
479 168 85
479 344 85
479 441 85
479 450 85
479 465 85
479 491 85
480 54 25
480 148 25
480 186 25
480 194 25
480 237 25
480 284 25
480 349 25
480 429 25
480 434 25
480 438 25
480 440 25
481 35 61
481 44 61
481 49 61
481 77 61
481 174 61
481 256 61
481 332 61
483 50 20
483 65 20
483 131 20
483 138 20
483 169 20
483 191 20
483 278 20
483 280 20
483 400 20
483 402 20
483 458 20
483 475 20
484 43 84
484 153 84
484 186 84
484 239 84
484 434 84
484 456 84
485 8 90
485 36 90
485 55 90
485 67 90
485 111 90
485 146 90
485 188 90
485 317 90
485 336 90
485 367 90
485 439 90
485 472 90
485 477 90
486 4 94
486 19 94
486 28 94
486 102 94
486 224 94
486 271 94
486 286 94
486 413 94
486 490 94
487 35 75
487 44 75
487 76 75
487 79 75
487 256 75
487 325 75
487 446 75
487 463 75
488 190 51
488 269 51
488 277 51
488 335 51
488 461 51
488 473 51
488 495 51
489 18 34
489 74 34
489 203 34
489 243 34
489 274 34
489 303 34
490 22 90
490 30 90
490 128 90
490 166 90
490 226 90
490 302 90
491 115 33
491 179 33
491 279 33
491 468 33
492 19 98
492 22 98
492 57 98
492 74 98
492 130 98
492 224 98
492 226 98
492 244 98
492 303 98
493 9 1
493 252 1
493 300 1
493 459 1
493 469 1
493 474 1
493 497 1
494 11 51
494 59 51
494 67 51
494 161 51
494 388 51
494 439 51
494 462 51
494 477 51
495 12 38
495 29 38
495 46 38
495 66 38
495 165 38
495 282 38
495 355 38
495 393 38
495 437 38
495 476 38
496 178 11
496 192 11
496 229 11
496 262 11
496 332 11
496 346 11
496 363 11
497 93 41
497 170 41
497 183 41
497 215 41
497 248 41
497 380 41
497 394 41
497 397 41
497 416 41
497 455 41
498 51 95
498 78 95
498 87 95
498 88 95
498 353 95
498 358 95
498 378 95
498 386 95
498 417 95
498 439 95
498 472 95
498 485 95
