200 21
1 200
1 22 69 76 107 111 127 144 159 180 181
25 44 59 71 142 153 155 166 167 187
10 12 19 37 60 102 156 161 171 184
70 72 85 101 109 135 143 150 151 178
16 33 41 83 98 130 132 146 149 194
3 56 79 94 117 158 173 188 193 195
51 65 66 73 96 118 128 141 145 152
11 29 32 81 93 100 103 126 147 185
7 17 23 39 64 114 116 139 172 177
13 43 46 67 84 89 95 140 148
21 42 45 88 104 106 112 138 165
49 50 53 58 87 110 154 175 183
2 27 34 54 62 80 105 176 197
20 38 115 133 137 164 169 179 190
8 31 40 97 99 129 168 189 191
5 15 30 48 74 78 91 123 182
52 86 92 121 160 162 186 196 198
35 55 57 61 63 113 134 170 174
18 24 75 77 82 124 131 136 199
9 14 36 68 90 108 119 120 125
4 6 26 28 47 122 157 163 192 200
1 25 1
1 76 1
1 127 1
1 155 1
1 166 1
1 167 1
1 181 1
2 27 17
2 38 17
2 133 17
2 164 17
2 179 17
3 56 72
3 65 72
3 73 72
3 118 72
3 141 72
3 145 72
3 158 72
3 188 72
3 193 72
3 195 72
5 48 14
5 86 14
5 162 14
5 196 14
7 17 53
7 43 53
7 84 53
7 89 53
7 95 53
7 139 53
7 140 53
7 172 53
7 177 53
8 15 29
8 31 29
8 99 29
8 123 29
8 189 29
8 191 29
10 19 87
10 101 87
10 151 87
10 161 87
10 178 87
11 17 80
11 100 80
11 147 80
11 172 80
12 101 90
12 135 90
12 178 90
12 184 90
13 21 96
13 42 96
13 67 96
13 95 96
13 104 96
13 106 96
13 112 96
13 140 96
13 148 96
14 4 37
14 9 37
14 26 37
14 28 37
14 68 37
14 90 37
14 108 37
14 120 37
14 122 37
14 157 37
14 163 37
14 192 37
14 200 37
15 5 86
15 74 86
15 91 86
15 92 86
15 121 86
15 186 86
16 3 58
16 41 58
16 79 58
16 130 58
16 146 58
16 158 58
16 173 58
16 188 58
16 193 58
17 13 32
17 39 32
17 67 32
17 84 32
17 114 32
17 116 32
17 139 32
17 140 32
17 172 32
17 177 32
18 9 33
18 24 33
18 77 33
18 90 33
18 108 33
18 199 33
19 12 99
19 85 99
19 150 99
19 171 99
19 178 99
19 184 99
21 45 61
21 49 61
21 58 61
21 88 61
21 138 61
21 165 61
21 175 61
21 183 61
22 1 95
22 25 95
22 59 95
22 76 95
22 127 95
22 159 95
22 166 95
22 180 95
23 7 47
23 13 47
23 17 47
23 46 47
23 148 47
23 177 47
24 14 66
24 68 66
24 82 66
24 90 66
24 108 66
24 120 66
24 124 66
24 199 66
25 44 1
25 60 1
25 141 1
25 142 1
25 153 1
25 161 1
25 184 1
26 28 96
26 163 96
26 192 96
28 4 91
28 192 91
28 200 91
29 17 15
29 100 15
29 139 15
29 177 15
29 185 15
30 48 70
30 91 70
30 92 70
30 196 70
30 198 70
31 15 7
31 74 7
31 168 7
31 191 7
32 17 78
32 29 78
32 39 78
32 81 78
32 114 78
32 126 78
32 147 78
32 177 78
32 185 78
33 98 73
33 117 73
33 132 73
33 149 73
33 158 73
33 173 73
33 195 73
34 2 83
34 105 83
34 133 83
34 164 83
34 179 83
34 190 83
35 18 62
35 57 62
35 63 62
35 75 62
35 124 62
35 131 62
35 136 62
36 6 1
36 9 1
36 14 1
36 28 1
36 120 1
36 122 1
36 157 1
36 200 1
37 19 67
37 70 67
37 72 67
37 102 67
37 109 67
37 143 67
37 150 67
37 151 67
37 171 67
37 184 67
38 8 63
38 31 63
38 40 63
38 115 63
38 164 63
38 179 63
38 190 63
38 191 63
39 7 1
39 23 1
39 46 1
39 67 1
39 84 1
39 95 1
39 172 1
39 177 1
40 31 80
40 74 80
40 129 80
41 3 27
41 79 27
41 94 27
41 98 27
41 117 27
41 130 27
41 132 27
41 149 27
41 195 27
42 45 1
42 50 1
42 58 1
42 99 1
42 106 1
42 154 1
42 175 1
43 21 55
43 42 55
43 45 55
43 67 55
43 84 55
43 104 55
43 165 55
44 25 64
44 59 64
44 102 64
44 156 64
44 161 64
44 166 64
44 167 64
44 187 64
45 21 88
45 106 88
45 110 88
45 175 88
45 183 88
46 88 9
46 95 9
46 106 9
46 140 9
46 165 9
47 6 62
47 26 62
47 192 62
48 15 34
48 30 34
48 91 34
48 162 34
48 182 34
49 27 87
49 34 87
49 62 87
49 80 87
49 105 87
49 154 87
50 53 60
50 54 60
50 80 60
50 105 60
50 110 60
50 154 60
50 176 60
50 183 60
51 11 51
51 29 51
51 32 51
51 65 51
51 73 51
51 81 51
51 100 51
51 118 51
51 126 51
51 145 51
52 92 69
52 174 69
52 186 69
52 196 69
53 2 85
53 34 85
53 49 85
53 58 85
53 110 85
53 176 85
53 197 85
54 20 87
54 34 87
54 62 87
54 80 87
54 133 87
54 164 87
54 169 87
54 179 87
54 197 87
55 57 99
55 61 99
55 63 99
55 77 99
55 113 99
55 124 99
55 131 99
55 134 99
56 3 45
56 51 45
56 65 45
56 73 45
56 79 45
56 96 45
56 117 45
56 128 45
56 173 45
56 188 45
56 195 45
57 35 95
57 61 95
57 63 95
57 77 95
57 113 95
57 134 95
57 174 95
58 53 33
58 80 33
58 105 33
58 175 33
58 176 33
58 197 33
59 10 94
59 102 94
59 142 94
59 161 94
59 184 94
61 18 57
61 35 57
61 55 57
61 63 57
61 82 57
61 134 57
61 174 57
62 2 74
62 34 74
62 105 74
62 133 74
62 176 74
62 197 74
64 7 60
64 17 60
64 39 60
64 43 60
64 67 60
64 84 60
64 140 60
64 172 60
64 177 60
65 11 53
65 29 53
65 32 53
65 66 53
65 73 53
65 103 53
65 141 53
65 145 53
66 11 60
66 32 60
66 51 60
66 65 60
66 81 60
66 93 60
66 126 60
67 21 1
67 42 1
67 84 1
67 104 1
67 106 1
67 112 1
68 6 36
68 26 36
68 28 36
68 36 36
68 108 36
68 200 36
69 22 95
69 25 95
69 44 95
69 71 95
69 111 95
69 142 95
69 155 95
69 166 95
69 167 95
69 187 95
70 83 79
70 98 79
70 130 79
70 132 79
70 146 79
70 150 79
70 178 79
70 194 79
71 12 23
71 25 23
71 142 23
71 161 23
72 83 79
72 98 79
72 135 79
72 150 79
72 151 79
73 66 41
73 93 41
73 100 41
73 126 41
73 145 41
74 86 69
74 186 69
74 198 69
75 14 27
75 18 27
75 108 27
75 120 27
75 124 27
75 125 27
75 131 27
76 1 25
76 44 25
76 107 25
76 111 25
76 159 25
76 187 25
78 5 15
78 30 15
78 48 15
78 52 15
78 91 15
78 182 15
79 3 81
79 66 81
79 94 81
79 96 81
79 128 81
79 141 81
79 145 81
79 152 81
79 193 81
80 2 46
80 34 46
80 54 46
80 105 46
80 115 46
80 137 46
81 17 87
81 29 87
81 32 87
81 39 87
81 177 87
81 185 87
82 18 19
82 68 19
82 90 19
82 124 19
82 199 19
84 21 98
84 42 98
84 43 98
84 45 98
84 46 98
84 67 98
84 140 98
85 70 66
85 130 66
85 135 66
85 143 66
85 146 66
85 149 66
85 150 66
85 178 66
86 92 2
86 113 2
86 121 2
86 134 2
86 160 2
86 162 2
86 174 2
87 2 98
87 34 98
87 154 98
88 21 44
88 45 44
88 49 44
88 50 44
88 58 44
88 183 44
89 95 67
89 104 67
89 106 67
89 112 67
89 148 67
90 14 48
90 68 48
90 108 48
90 119 48
90 122 48
90 125 48
90 157 48
90 163 48
91 15 54
91 52 54
91 78 54
91 86 54
91 121 54
91 160 54
91 182 54
91 186 54
91 198 54
92 35 1
92 52 1
92 61 1
92 63 1
92 121 1
92 162 1
92 199 1
93 29 20
93 32 20
93 81 20
93 126 20
93 172 20
93 185 20
94 65 20
94 118 20
94 128 20
94 141 20
94 158 20
94 173 20
95 46 53
95 84 53
95 88 53
95 106 53
95 112 53
95 148 53
96 29 1
96 51 1
96 65 1
96 66 1
96 103 1
96 118 1
96 145 1
97 8 4
97 15 4
97 30 4
97 31 4
97 48 4
97 74 4
97 78 4
97 99 4
97 191 4
98 41 98
98 56 98
98 79 98
98 94 98
98 188 98
99 40 1
99 48 1
99 78 1
99 97 1
99 123 1
99 129 1
99 168 1
99 182 1
101 72 21
101 98 21
101 135 21
101 143 21
101 146 21
101 149 21
101 150 21
101 178 21
102 10 12
102 19 12
102 37 12
102 101 12
102 135 12
102 161 12
102 178 12
103 11 21
103 17 21
103 32 21
103 39 21
103 64 21
103 139 21
103 147 21
103 172 21
103 185 21
104 21 42
104 42 42
104 53 42
104 87 42
104 106 42
104 110 42
104 112 42
104 138 42
104 175 42
104 183 42
106 21 30
106 45 30
106 53 30
106 87 30
106 112 30
106 138 30
106 175 30
107 1 35
107 69 35
107 71 35
107 153 35
107 159 35
107 167 35
107 187 35
108 4 61
108 6 61
108 26 61
108 47 61
108 68 61
108 119 61
108 157 61
108 163 61
109 16 70
109 41 70
109 85 70
109 132 70
109 150 70
109 194 70
110 49 45
110 53 45
110 58 45
110 62 45
110 105 45
110 175 45
111 69 95
111 76 95
111 127 95
111 153 95
111 155 95
111 159 95
111 180 95
112 49 81
112 104 81
112 138 81
112 183 81
113 24 60
113 61 60
113 63 60
113 77 60
113 124 60
113 136 60
114 7 96
114 13 96
114 23 96
114 43 96
114 67 96
114 116 96
114 140 96
114 172 96
115 8 18
115 20 18
115 38 18
115 97 18
115 129 18
115 164 18
115 168 18
115 169 18
115 189 18
115 190 18
116 7 35
116 13 35
116 17 35
116 23 35
116 67 35
116 95 35
116 140 35
116 177 35
117 51 91
117 65 91
117 79 91
117 195 91
118 29 15
118 66 15
118 141 15
118 145 15
118 147 15
119 6 24
119 26 24
119 36 24
119 120 24
119 122 24
119 157 24
119 163 24
119 192 24
119 200 24
120 6 30
120 9 30
120 47 30
120 119 30
120 192 30
120 200 30
121 55 9
121 61 9
121 113 9
121 134 9
121 160 9
121 162 9
121 170 9
121 174 9
121 186 9
123 74 31
123 91 31
123 160 31
123 162 31
123 196 31
123 198 31
124 9 32
124 24 32
124 125 32
124 131 32
125 14 52
125 28 52
125 47 52
125 68 52
125 119 52
125 157 52
125 163 52
126 32 60
126 39 60
126 64 60
126 81 60
126 114 60
126 116 60
126 177 60
128 66 79
128 93 79
128 100 79
128 126 79
128 145 79
129 30 60
129 78 60
129 91 60
129 97 60
129 99 60
129 123 60
131 75 32
131 90 32
131 108 32
131 119 32
131 120 32
131 124 32
132 3 86
132 94 86
132 130 86
132 149 86
132 173 86
132 188 86
132 193 86
132 195 86
133 8 68
133 97 68
133 99 68
133 115 68
133 137 68
133 169 68
133 189 68
134 57 66
134 63 66
134 174 66
135 41 6
135 70 6
135 72 6
135 101 6
135 132 6
135 146 6
135 149 6
135 151 6
135 178 6
135 194 6
136 9 22
136 36 22
136 75 22
136 77 22
136 82 22
136 90 22
136 108 22
136 119 22
137 38 16
137 40 16
137 129 16
137 189 16
138 21 20
138 53 20
138 104 20
138 110 20
138 112 20
138 154 20
138 175 20
139 17 12
139 23 12
139 46 12
139 67 12
139 84 12
139 116 12
139 172 12
140 21 38
140 43 38
140 46 38
140 84 38
140 88 38
140 95 38
140 106 38
141 11 1
141 65 1
141 93 1
141 100 1
141 118 1
141 126 1
141 128 1
141 147 1
141 185 1
142 12 88
142 44 88
142 59 88
142 156 88
142 166 88
142 171 88
142 187 88
143 41 71
143 83 71
143 98 71
143 101 71
143 109 71
143 130 71
143 146 71
143 149 71
143 194 71
144 1 82
144 69 82
144 76 82
144 107 82
144 127 82
144 155 82
144 166 82
144 181 82
146 33 29
146 41 29
146 98 29
146 188 29
146 193 29
146 194 29
147 17 1
147 23 1
147 29 1
147 39 1
147 116 1
147 139 1
147 172 1
147 177 1
148 43 78
148 45 78
148 67 78
148 84 78
148 138 78
148 165 78
149 56 43
149 79 43
149 98 43
149 130 43
149 158 43
150 85 92
150 135 92
150 151 92
150 178 92
151 41 35
151 70 35
151 83 35
151 85 35
151 132 35
151 194 35
152 29 80
152 100 80
152 118 80
152 128 80
152 145 80
152 147 80
153 19 52
153 44 52
153 60 52
153 102 52
153 142 52
153 161 52
154 34 55
154 54 55
154 80 55
154 87 55
154 176 55
155 12 13
155 19 13
155 37 13
155 44 13
155 71 13
155 102 13
155 153 13
155 156 13
155 166 13
155 184 13
156 10 66
156 19 66
156 102 66
156 135 66
156 143 66
156 150 66
156 171 66
156 178 66
156 184 66
157 4 100
157 26 100
157 47 100
157 163 100
158 3 87
158 51 87
158 56 87
158 73 87
158 141 87
158 152 87
158 173 87
158 188 87
158 193 87
158 195 87
159 1 20
159 59 20
159 71 20
159 76 20
159 107 20
159 111 20
159 127 20
159 153 20
159 155 20
159 180 20
159 187 20
160 52 23
160 55 23
160 121 23
160 196 23
161 12 27
161 37 27
161 72 27
161 150 27
161 151 27
161 156 27
161 178 27
162 35 91
162 57 91
162 121 91
162 134 91
162 170 91
164 20 81
164 99 81
164 168 81
164 169 81
164 189 81
164 191 81
165 50 58
165 53 58
165 58 58
165 88 58
165 106 58
165 138 58
165 175 58
166 12 52
166 37 52
166 153 52
166 161 52
166 187 52
167 12 88
167 37 88
167 60 88
167 155 88
167 156 88
167 171 88
167 187 88
168 15 7
168 31 7
168 48 7
168 91 7
168 99 7
168 182 7
169 20 18
169 40 18
169 129 18
169 133 18
169 164 18
169 168 18
169 179 18
169 190 18
170 24 56
170 35 56
170 77 56
170 113 56
170 134 56
171 37 98
171 70 98
171 72 98
171 102 98
171 109 98
171 151 98
171 161 98
171 184 98
172 43 65
172 67 65
172 114 65
172 116 65
172 140 65
172 177 65
173 56 15
173 65 15
173 73 15
173 118 15
173 158 15
173 195 15
174 18 19
174 24 19
174 55 19
174 63 19
174 124 19
174 131 19
175 2 89
175 50 89
175 62 89
175 110 89
175 154 89
175 176 89
175 197 89
176 27 59
176 80 59
176 105 59
176 115 59
176 133 59
176 137 59
176 164 59
176 169 59
176 179 59
177 13 87
177 23 87
177 39 87
177 67 87
177 84 87
177 116 87
177 139 87
177 172 87
178 16 66
178 70 66
178 83 66
178 85 66
178 98 66
178 109 66
178 132 66
178 149 66
178 150 66
178 151 66
179 8 44
179 31 44
179 38 44
179 99 44
179 129 44
179 137 44
179 168 44
180 59 24
180 107 24
180 127 24
180 142 24
180 144 24
180 153 24
180 155 24
181 1 99
181 22 99
181 44 99
181 59 99
181 69 99
181 127 99
181 144 99
181 167 99
181 180 99
181 187 99
182 5 1
182 48 1
182 74 1
182 86 1
182 91 1
182 92 1
182 162 1
182 196 1
184 70 54
184 72 54
184 85 54
184 135 54
184 151 54
184 161 54
184 171 54
185 7 5
185 23 5
185 64 5
185 114 5
185 116 5
185 177 5
186 52 61
186 57 61
186 61 61
186 63 61
186 113 61
186 121 61
186 134 61
188 51 68
188 56 68
188 66 68
188 94 68
188 96 68
188 173 68
189 5 93
189 8 93
189 78 93
189 97 93
189 129 93
190 20 28
190 40 28
190 168 28
190 179 28
191 5 9
191 74 9
191 78 9
191 91 9
191 97 9
191 129 9
191 182 9
194 3 20
194 16 20
194 33 20
194 41 20
194 56 20
194 94 20
194 146 20
195 94 82
195 118 82
195 128 82
195 145 82
195 193 82
196 35 44
196 92 44
196 113 44
196 160 44
197 2 66
197 20 66
197 80 66
197 133 66
197 164 66
197 179 66
199 24 1
199 36 1
199 75 1
199 90 1
199 119 1
199 120 1
199 136 1
