100 10
1 100
14 18 21 27 35 38 39 41 44 50 75 82 89
32 36 51 53 62 91
8 28 29 57 60 61 66 71 76 81 87 97
4 22 24 31 34 48 49 55 67 68 72 78 86 93 98
3 5 10 13 16 40 52 59 70 88 90 99
9 11 12 17 19 23 30 42 56 58 69 77 79 85 100
1 26 37 46 47 65 95
2 33 45 54 83 94
6 15 43 63 74 84 92
7 20 25 64 73 80 96
1 5 51
1 7 68
1 8 82
1 10 55
1 18 76
1 36 86
1 37 53
1 47 51
1 66 52
1 83 55
1 87 51
1 94 69
1 96 51
2 5 87
2 10 58
2 13 67
2 26 54
2 27 96
2 67 90
2 71 79
2 77 68
2 80 60
2 83 62
2 97 50
3 5 77
3 16 62
3 27 60
3 33 86
3 57 66
3 63 53
3 75 84
3 76 74
3 81 90
3 82 50
3 94 75
4 14 95
4 24 67
4 34 59
4 40 55
4 46 57
4 49 91
4 51 70
4 68 87
4 71 92
4 72 90
4 91 75
5 6 89
5 8 97
5 10 59
5 19 86
5 26 91
5 27 93
5 42 78
5 52 76
5 60 97
5 63 76
5 69 77
5 87 64
5 94 67
5 100 63
6 7 69
6 10 96
6 11 75
6 37 75
6 43 55
6 94 61
7 26 82
7 32 79
7 33 64
7 64 76
7 68 62
7 96 96
8 10 50
8 11 58
8 12 100
8 26 76
8 43 64
8 59 90
8 60 96
8 61 83
8 69 87
8 71 52
8 76 65
8 80 68
8 94 63
9 18 96
9 25 99
9 28 86
9 29 96
9 34 86
9 40 76
9 47 61
9 67 99
9 69 76
9 76 73
9 78 92
9 85 70
9 97 53
10 40 82
10 51 73
10 94 63
11 19 92
11 22 87
11 23 89
11 30 78
11 57 81
11 61 63
11 69 75
11 70 75
12 14 75
12 39 80
12 43 62
12 79 95
12 87 88
13 35 55
13 40 65
13 69 87
13 70 96
13 71 78
13 75 53
13 79 82
13 80 57
13 97 97
14 21 79
14 42 84
14 44 59
14 63 78
14 69 94
14 85 79
14 98 68
15 19 56
15 31 88
15 37 56
15 41 74
15 54 64
15 56 87
16 21 58
16 90 90
17 19 83
17 27 82
17 31 99
17 41 60
17 42 59
17 47 72
17 66 57
17 77 58
17 79 94
18 19 80
18 22 53
18 36 100
18 42 51
18 49 85
18 57 52
18 69 61
18 75 95
18 77 51
18 79 51
18 87 97
18 89 89
18 99 70
19 23 68
19 28 74
19 31 70
19 39 83
19 41 78
19 50 70
19 56 95
19 61 81
19 66 80
19 69 63
19 98 55
20 25 72
20 37 89
20 51 74
20 65 85
20 73 96
20 80 72
20 94 98
20 96 92
21 23 72
21 39 64
21 41 92
21 42 81
21 44 84
21 50 75
21 56 91
21 59 74
21 75 79
21 86 72
21 93 86
21 99 98
22 32 95
22 56 71
22 62 80
22 69 74
22 76 72
22 86 88
22 95 64
22 98 91
23 27 56
23 39 66
23 51 77
23 55 90
23 61 61
23 64 60
23 77 68
23 81 95
23 87 57
23 95 56
24 32 100
24 67 68
24 72 76
24 73 78
24 92 61
25 26 69
25 40 82
25 64 60
25 65 94
25 94 72
25 99 57
26 28 87
26 40 81
26 61 65
26 62 77
26 94 77
26 99 68
27 48 55
27 75 90
27 78 89
27 84 65
27 89 92
27 90 73
28 42 77
28 53 69
28 57 65
28 64 95
28 69 77
28 70 54
28 80 74
28 95 71
28 99 62
29 32 69
29 36 55
29 41 92
29 47 62
29 51 90
29 55 52
29 60 91
29 61 78
29 65 84
29 72 71
29 76 95
29 79 73
29 80 77
29 81 79
29 97 58
30 34 82
30 48 78
30 58 78
30 61 68
30 69 93
30 71 98
30 75 54
30 87 88
30 97 82
30 98 90
31 34 82
31 49 87
31 60 59
31 61 57
31 68 70
31 69 74
31 71 86
31 74 99
31 87 99
31 91 55
31 95 63
31 100 55
32 45 74
32 47 80
32 53 56
32 58 73
32 78 51
32 81 78
32 83 81
32 91 96
32 93 80
33 43 64
33 45 95
33 47 95
33 53 84
33 54 91
33 70 50
33 77 70
34 49 82
34 53 64
34 56 68
34 68 88
34 70 96
34 87 84
34 93 86
35 60 66
35 69 73
35 97 63
36 47 72
36 53 99
36 65 65
36 66 64
36 75 91
37 47 69
37 56 70
37 69 52
37 78 92
37 80 93
37 96 52
37 97 58
38 50 52
39 61 76
39 84 62
40 87 79
41 43 59
41 55 74
41 58 82
41 75 89
41 77 80
41 90 52
41 97 99
42 70 51
42 81 73
43 45 87
43 52 57
43 59 54
43 80 99
43 92 63
43 99 94
44 57 90
44 85 81
45 54 84
45 62 73
45 64 73
45 99 56
46 60 67
46 62 64
46 86 99
46 94 88
46 95 100
46 96 75
47 56 80
47 60 99
47 69 80
47 73 86
47 80 92
47 97 99
47 100 91
48 55 89
48 72 51
48 78 58
48 85 57
48 93 100
48 100 78
49 61 53
49 67 71
49 72 86
49 77 79
49 79 51
49 93 99
49 96 81
50 55 81
50 60 68
50 63 89
50 81 66
50 82 61
50 93 63
50 100 95
51 53 65
51 65 70
51 68 66
51 73 80
51 78 96
52 57 83
52 60 55
52 66 54
52 70 76
52 74 70
52 90 94
52 99 70
53 66 95
53 81 76
53 90 52
54 97 90
55 60 68
55 66 72
55 68 67
55 70 99
55 89 68
55 93 54
56 78 64
56 80 61
56 81 76
56 85 96
56 97 60
57 61 51
57 71 71
57 81 71
57 87 50
57 93 55
58 61 97
58 78 83
58 79 54
58 81 82
58 93 95
58 96 94
58 98 81
58 100 56
59 64 80
59 77 99
59 83 62
59 92 50
59 99 72
60 64 51
60 69 50
60 70 50
60 71 55
60 81 71
60 95 69
60 99 58
61 70 70
61 71 85
61 96 84
61 97 84
62 81 85
62 94 74
62 95 94
63 74 63
63 75 77
63 88 68
63 92 91
64 73 93
64 76 78
64 83 67
64 96 75
65 68 99
65 74 63
65 80 93
65 94 95
66 69 75
66 82 74
66 87 80
66 98 64
67 68 82
67 69 52
67 71 90
67 78 62
67 86 59
67 93 82
67 98 61
67 100 60
68 72 52
68 73 99
68 77 84
69 76 95
69 93 100
70 88 78
70 89 99
71 78 51
71 99 95
72 93 90
73 93 86
75 88 84
75 100 72
76 81 82
76 87 83
76 91 65
77 81 72
77 89 66
78 79 76
78 93 76
79 100 84
80 83 55
80 87 65
80 93 84
80 94 67
80 96 98
81 86 64
81 99 83
83 94 56
83 96 62
84 94 57
85 100 78
86 87 86
86 93 91
86 100 68
87 97 79
90 96 50
90 97 93
92 94 91
93 99 91
94 100 98
95 98 68
99 100 89
