100 12
1 100
1
1 25 28 42 57 78 82 83 84 89
7 27 31 33 35 40 67 77 92
2 15 17 23 32 36 93 94
9 37 45 62 65 71 79 81
12 30 34 46 55 58 76 97
5 18 24 48 63 70 86 98
38 47 49 51 52 59 60 69
13 20 21 39 41 61 64 80
3 6 26 29 54 56 72 96
16 53 66 68 73 75 88 95
8 14 22 50 74 87 90 91
4 10 11 19 43 44 85 99 100
100
1 7 1
1 25 1
1 27 1
1 33 1
1 35 1
1 42 1
1 57 1
1 67 1
1 82 1
1 84 1
1 93 1
2 15 14
2 62 14
2 81 14
2 93 14
3 6 1
3 16 1
3 26 1
3 53 1
3 54 1
3 56 1
3 66 1
3 72 1
3 95 1
3 96 1
4 10 65
4 19 65
4 43 65
5 18 38
5 38 38
5 49 38
5 52 38
5 69 38
5 70 38
5 86 38
6 3 61
6 16 61
6 26 61
6 72 61
6 73 61
7 17 81
7 23 81
7 31 81
7 67 81
7 77 81
7 92 81
7 93 81
8 4 97
8 10 97
8 44 97
8 85 97
8 99 97
8 100 97
9 12 86
9 37 86
9 45 86
9 58 86
9 65 86
9 71 86
9 79 86
9 81 86
10 11 80
10 44 80
10 85 80
10 100 80
11 19 32
11 43 32
11 44 32
11 99 32
11 100 32
12 5 78
12 34 78
12 46 78
12 55 78
12 97 78
13 3 1
13 29 1
13 39 1
13 61 1
13 64 1
13 96 1
14 19 32
14 22 32
14 43 32
14 44 32
14 74 32
14 100 32
15 2 44
15 9 44
15 23 44
15 45 44
15 62 44
15 93 44
16 8 20
16 14 20
16 50 20
16 53 20
16 73 20
16 87 20
16 90 20
17 23 25
17 36 25
17 65 25
18 24 32
18 47 32
18 48 32
18 49 32
18 51 32
18 63 32
18 69 32
18 70 32
18 86 32
19 10 89
19 44 89
19 85 89
19 100 89
20 6 44
20 21 44
20 54 44
20 61 44
20 64 44
20 72 44
20 96 44
21 26 73
21 39 73
21 56 73
21 72 73
21 80 73
22 4 50
22 8 50
22 11 50
22 14 50
22 44 50
22 50 50
22 74 50
22 99 50
22 100 50
24 5 1
24 47 1
24 48 1
24 49 1
24 59 1
24 60 1
24 63 1
24 86 1
25 28 66
25 33 66
25 40 66
25 67 66
25 77 66
25 82 66
25 83 66
25 92 66
26 54 71
26 56 71
26 66 71
26 68 71
26 73 71
26 88 71
26 95 71
26 96 71
28 25 65
28 84 65
29 16 27
29 26 27
29 54 27
29 66 27
29 68 27
29 72 27
29 73 27
29 95 27
30 5 1
30 12 1
30 24 1
30 34 1
30 76 1
30 97 1
31 2 60
31 7 60
31 27 60
31 67 60
31 92 60
31 94 60
32 9 6
32 36 6
32 45 6
32 71 6
32 81 6
32 94 6
34 18 43
34 30 43
34 46 43
34 48 43
34 86 43
35 15 14
35 23 14
35 31 14
35 67 14
35 93 14
35 94 14
36 2 89
36 65 89
36 81 89
36 94 89
37 12 65
37 55 65
37 76 65
38 21 14
38 52 14
39 26 56
39 56 56
39 96 56
40 2 81
40 17 81
40 33 81
40 92 81
40 93 81
41 6 87
41 20 87
41 21 87
41 29 87
41 39 87
41 61 87
41 64 87
41 96 87
42 1 6
42 27 6
42 31 6
42 33 6
42 35 6
42 67 6
42 82 6
42 83 6
42 84 6
42 89 6
43 10 6
43 11 6
43 19 6
43 44 6
44 10 22
44 11 22
45 9 92
45 12 92
45 34 92
45 37 92
45 46 92
45 55 92
45 58 92
45 71 92
45 97 92
46 12 94
46 30 94
46 34 94
46 58 94
46 63 94
46 86 94
46 97 94
47 21 90
47 38 90
47 39 90
47 41 90
47 49 90
47 52 90
47 61 90
47 80 90
48 5 35
48 18 35
48 59 35
48 60 35
49 21 10
49 39 10
49 41 10
49 59 10
50 4 52
50 14 52
50 43 52
50 87 52
50 91 52
51 47 75
51 80 75
52 13 6
52 38 6
52 41 6
52 49 6
52 59 6
52 61 6
52 64 6
52 80 6
54 26 44
54 53 44
54 66 44
54 68 44
54 95 44
55 18 89
55 34 89
55 70 89
55 76 89
55 86 89
55 98 89
56 3 10
56 6 10
56 16 10
56 54 10
56 72 10
57 7 12
57 27 12
57 28 12
57 31 12
57 35 12
57 82 12
57 84 12
57 89 12
58 18 89
58 24 89
58 30 89
58 34 89
58 48 89
58 55 89
58 70 89
58 97 89
59 13 99
59 38 99
59 39 99
59 49 99
59 61 99
59 80 99
60 13 1
60 38 1
60 41 1
60 61 1
60 64 1
61 21 54
61 41 54
61 80 54
61 96 54
62 9 50
62 37 50
62 97 50
63 18 18
63 49 18
63 52 18
63 59 18
63 70 18
64 20 56
64 21 56
64 26 56
64 29 56
64 56 56
64 80 56
64 96 56
65 12 22
65 45 22
65 58 22
65 71 22
65 81 22
66 50 1
66 53 1
66 73 1
66 74 1
66 75 1
66 88 1
66 91 1
66 100 1
67 2 8
67 7 8
67 15 8
67 17 8
67 27 8
67 31 8
67 32 8
67 33 8
67 94 8
69 47 81
69 49 81
69 64 81
69 80 81
71 45 95
71 62 95
71 81 95
71 97 95
72 6 67
72 73 67
72 88 67
72 96 67
73 8 43
73 16 43
73 53 43
73 66 43
73 68 43
73 75 43
73 91 43
73 95 43
74 8 50
74 43 50
74 44 50
74 85 50
74 90 50
75 66 19
75 74 19
75 87 19
75 88 19
76 5 39
76 46 39
76 58 39
76 63 39
76 98 39
77 23 3
77 32 3
77 33 3
77 36 3
77 93 3
79 9 27
79 37 27
79 58 27
79 81 27
80 6 43
80 26 43
80 41 43
80 61 43
80 96 43
81 9 48
81 12 48
81 30 48
81 37 48
81 62 48
81 79 48
85 100 59
86 5 63
86 24 63
86 38 63
86 48 63
86 49 63
86 51 63
86 52 63
86 60 63
86 63 63
87 8 54
87 19 54
87 74 54
87 90 54
87 99 54
87 100 54
88 68 87
88 73 87
88 87 87
88 90 87
89 27 64
89 31 64
89 33 64
89 40 64
89 82 64
90 74 61
90 85 61
90 91 61
91 8 1
91 22 1
91 74 1
91 87 1
91 100 1
92 2 76
92 32 76
92 33 76
92 36 76
92 40 76
93 2 1
93 15 1
93 17 1
93 30 1
93 36 1
93 37 1
94 17 58
94 23 58
94 45 58
94 65 58
94 79 58
95 8 31
95 16 31
95 53 31
95 66 31
95 73 31
95 91 31
96 26 2
96 56 2
96 66 2
96 72 2
96 75 2
96 88 2
97 12 71
97 30 71
97 46 71
97 48 71
97 63 71
97 86 71
97 98 71
98 5 48
98 49 48
98 51 48
98 69 48
98 86 48
99 10 7
