52 6
1 52
1
2 3 13 15 17 23 28 30 33 42 43 44 45 47 48
4 9 10 12 16 21 22 46 50
5 7 18 24 25 31 34 35 38 39 40 49 51
6 8 11 14 19 20 26 27 29 32 36 37 41
52
1 2 1
1 6 1
1 7 1
1 8 1
1 33 1
4 5 2
4 15 2
4 16 2
4 17 2
4 23 2
4 38 2
4 41 2
24 5 2
24 15 1
24 16 1
24 17 1
24 23 1
24 38 1
24 41 1
44 5 3
44 15 3
44 16 3
44 17 3
44 23 3
44 38 3
44 41 3
45 5 2
45 15 2
45 16 2
45 17 2
45 23 2
45 38 2
45 41 2
8 30 1
8 32 1
8 40 1
8 47 1
14 30 1
14 32 1
14 40 1
14 47 1
33 30 2
33 32 2
33 40 2
33 47 2
11 26 1
11 44 1
11 48 1
11 49 1
17 26 1
17 44 1
17 48 1
17 49 1
18 26 1
18 44 1
18 48 1
18 49 1
34 26 6
34 44 6
34 48 6
34 49 6
40 26 5
40 44 5
40 48 5
40 49 5
50 26 4
50 44 4
50 48 4
50 49 4
3 4 1
3 12 1
3 13 1
3 14 1
3 25 1
3 39 1
3 42 1
3 46 1
3 50 1
21 4 1
21 12 1
21 13 1
21 14 1
21 25 1
21 39 1
21 42 1
21 46 1
21 50 1
23 4 1
23 12 1
23 13 1
23 14 1
23 25 1
23 39 1
23 42 1
23 46 1
23 50 1
49 4 5
49 12 5
49 13 5
49 14 5
49 25 5
49 39 5
49 42 5
49 46 5
49 50 5
6 28 1
6 29 1
6 43 1
12 28 1
12 29 1
12 43 1
26 28 1
26 29 1
26 43 1
27 28 1
27 29 1
27 43 1
30 28 1
30 29 1
30 43 1
37 28 7
37 29 7
37 43 7
42 28 7
42 29 7
42 43 7
46 28 5
46 29 5
46 43 5
47 28 6
47 29 6
47 43 6
7 36 1
7 51 1
10 36 1
10 51 1
15 36 1
15 51 1
19 36 1
19 51 1
28 36 1
28 51 1
29 36 1
29 51 1
39 36 8
39 51 8
48 36 6
48 51 6
9 27 1
9 31 1
9 37 1
13 27 1
13 31 1
13 37 1
16 27 1
16 31 1
16 37 1
20 27 1
20 31 1
20 37 1
35 27 4
35 31 4
35 37 4
36 27 4
36 31 4
36 37 4
2 3 2
2 9 2
2 10 2
2 11 2
2 22 2
2 45 2
25 3 1
25 9 1
25 10 1
25 11 1
25 22 1
25 45 1
31 3 5
31 9 5
31 10 5
31 11 5
31 22 5
31 45 5
38 3 7
38 9 7
38 10 7
38 11 7
38 22 7
38 45 7
43 3 6
43 9 6
43 10 6
43 11 6
43 22 6
43 45 6
51 3 9
51 9 9
51 10 9
51 11 9
51 22 9
51 45 9
33 52 23
42 52 21
43 52 33
44 52 30
45 52 32
47 52 25
48 52 25
5 52 23
41 52 25
24 52 25
25 52 24
31 52 26
34 52 30
35 52 31
38 52 30
8 52 34
11 52 31
14 52 35
19 52 33
20 52 33
26 52 31
27 52 32
29 52 34
32 52 23
36 52 33